# nodes: 1486 edges: 3297 directed: 0
1 2
1 3
1 4
1 5
1 6
1 7
1 8
1 9
1 10
1 11
1 12
1 13
1 14
1 15
1 16
1 17
1 18
1 19
1 20
1 21
1 22
1 23
1 24
1 25
1 26
1 27
1 28
1 29
1 30
1 31
1 32
1 33
1 34
1 35
1 36
1 37
1 38
1 39
1 40
1 41
1 42
1 43
1 44
1 45
1 46
1 47
1 48
1 49
1 50
1 51
1 52
1 53
1 54
1 55
1 56
1 57
1 58
1 59
1 60
1 61
1 62
1 63
1 64
1 65
1 66
1 67
1 68
1 69
1 70
1 71
1 72
1 73
1 74
1 75
1 76
1 77
1 78
1 79
1 80
1 81
1 82
1 83
1 84
1 85
1 86
1 87
1 88
1 89
1 90
1 91
1 92
1 93
1 94
1 95
1 96
1 97
1 98
1 99
1 100
1 101
1 102
1 103
1 104
1 105
1 106
1 107
1 108
1 109
1 110
1 111
1 112
1 113
1 114
1 115
1 116
1 117
1 118
1 119
1 120
1 121
1 122
1 123
1 124
1 125
1 126
1 127
1 128
1 129
1 130
1 131
1 132
1 133
1 134
1 135
1 136
1 137
1 138
1 139
1 140
1 141
1 142
1 143
1 144
1 145
1 146
1 147
1 148
1 149
1 150
1 151
1 152
1 153
1 154
1 155
1 156
1 157
1 158
1 159
1 160
1 161
1 162
1 163
2 2
2 3
2 4
2 5
2 6
2 7
2 9
2 10
2 11
2 13
2 15
2 18
2 20
2 21
2 22
2 23
2 24
2 26
2 27
2 28
2 31
2 33
2 34
2 35
2 36
2 37
2 39
2 41
2 42
2 43
2 45
2 48
2 49
2 51
2 55
2 56
2 57
2 58
2 59
2 60
2 63
2 65
2 67
2 68
2 70
2 71
2 72
2 73
2 74
2 75
2 77
2 78
2 80
2 81
2 82
2 83
2 84
2 86
2 87
2 88
2 90
2 93
2 99
2 102
2 103
2 115
2 118
2 119
2 120
2 121
2 122
2 129
2 132
2 133
2 135
2 136
2 138
2 139
2 144
2 146
2 148
2 149
2 174
2 179
2 182
2 196
2 198
2 201
2 208
2 212
2 217
2 221
2 222
2 228
2 239
2 240
2 244
2 250
2 289
2 302
2 311
2 313
2 314
2 315
2 316
2 317
2 331
2 334
2 337
2 339
2 340
2 341
2 342
2 343
2 348
2 366
2 373
2 376
2 378
2 382
2 395
2 400
2 406
2 408
2 409
2 417
2 434
2 454
2 455
2 471
2 473
2 479
2 481
2 483
2 484
2 485
2 486
2 487
2 488
2 489
2 490
2 491
2 492
2 493
2 494
2 495
2 496
2 497
2 498
2 499
2 500
2 501
2 502
2 503
2 504
2 505
2 506
2 507
2 508
2 509
2 510
2 511
2 512
2 513
2 514
2 515
2 516
2 517
2 518
2 519
2 520
2 521
2 522
2 523
2 524
2 525
2 526
2 527
2 528
2 529
2 530
2 531
2 532
2 533
2 534
2 535
2 536
2 537
2 538
2 539
2 540
2 541
2 542
2 543
2 544
2 545
2 546
2 547
2 548
2 549
2 550
2 551
2 552
2 553
2 554
2 555
2 556
2 557
2 558
2 559
2 560
2 561
2 562
2 563
2 564
2 565
2 566
2 567
2 568
2 569
2 570
2 571
2 572
2 573
2 574
2 575
2 576
2 577
2 578
2 579
2 580
2 581
2 582
2 583
2 584
2 585
2 586
2 587
2 588
2 589
2 590
2 591
2 592
2 593
2 594
2 595
2 596
2 597
2 598
2 599
2 600
2 601
2 602
2 603
2 604
2 605
2 606
2 607
2 608
2 609
2 610
2 611
2 612
2 613
2 614
2 615
2 616
2 617
2 618
2 619
2 620
2 621
2 622
2 623
2 624
2 625
2 626
2 627
2 628
2 629
2 630
2 631
2 632
2 633
2 634
2 635
2 636
2 637
2 638
2 639
2 640
2 641
2 642
2 643
2 644
2 645
2 646
2 647
2 648
2 649
2 650
2 651
2 652
2 653
2 654
2 655
2 656
2 657
2 658
2 659
2 660
2 661
2 662
2 663
2 664
2 665
2 666
2 667
2 668
2 669
2 670
2 671
2 672
2 673
2 674
2 675
2 676
2 677
2 678
2 679
2 680
2 681
2 682
2 683
2 684
2 685
2 686
2 687
2 688
2 689
2 690
2 691
2 692
2 693
2 694
2 695
2 696
2 697
2 698
2 699
2 700
2 701
2 702
2 703
2 704
2 705
2 706
2 707
2 708
2 709
2 710
2 711
2 712
2 713
2 714
2 715
2 716
2 717
2 718
2 719
2 720
2 721
2 722
2 723
2 724
2 725
2 726
2 727
2 728
2 729
2 730
2 731
2 732
2 733
2 734
2 735
2 736
2 737
2 738
2 739
2 740
2 741
2 742
2 743
2 744
2 745
2 746
2 747
2 748
2 749
2 750
2 751
2 752
2 753
2 754
2 755
2 756
2 757
2 758
2 759
2 760
2 761
2 762
2 763
2 764
3 4
3 5
3 6
3 7
3 9
3 10
3 11
3 15
3 17
3 18
3 22
3 23
3 25
3 27
3 28
3 31
3 33
3 37
3 41
3 48
3 49
3 51
3 55
3 56
3 58
3 60
3 62
3 63
3 65
3 84
3 86
3 99
3 106
3 129
3 131
3 132
3 136
3 144
3 146
3 171
3 196
3 201
3 216
3 229
3 231
3 235
3 236
3 285
3 290
3 311
3 335
3 349
3 364
3 380
3 381
3 382
3 395
3 399
3 401
3 403
3 404
3 405
3 406
3 407
3 408
3 410
3 417
3 422
3 423
3 424
3 426
3 545
3 547
3 554
3 588
3 624
3 631
3 699
3 705
3 710
3 715
3 729
3 737
3 742
3 837
3 901
3 993
3 1011
3 1121
3 1143
3 1144
3 1145
3 1156
3 1158
3 1159
3 1160
3 1161
3 1162
3 1163
3 1164
3 1165
3 1166
3 1167
3 1168
3 1169
3 1170
3 1171
4 5
4 6
4 7
4 8
4 9
4 10
4 11
4 15
4 17
4 18
4 20
4 22
4 23
4 25
4 27
4 28
4 31
4 33
4 38
4 41
4 46
4 49
4 51
4 52
4 55
4 60
4 63
4 65
4 78
4 84
4 99
4 102
4 104
4 129
4 131
4 136
4 144
4 146
4 165
4 167
4 171
4 180
4 181
4 184
4 188
4 200
4 204
4 205
4 209
4 213
4 236
4 237
4 251
4 257
4 259
4 260
4 269
4 270
4 271
4 280
4 283
4 288
4 290
4 291
4 294
4 297
4 335
4 349
4 355
4 358
4 381
4 395
4 397
4 398
4 399
4 400
4 401
4 402
4 403
4 404
4 405
4 406
4 407
4 408
4 409
4 410
4 411
4 412
4 413
4 414
4 415
4 416
4 417
4 418
4 419
4 420
4 421
4 422
4 423
4 424
4 425
4 426
5 6
5 7
5 10
5 15
5 17
5 18
5 22
5 23
5 25
5 28
5 31
5 41
5 46
5 51
5 63
5 84
5 86
5 99
5 129
5 131
5 144
5 146
5 311
5 312
5 377
5 378
5 379
5 380
5 381
5 382
5 383
5 384
5 385
5 386
5 387
5 388
5 389
5 390
5 391
5 392
5 393
5 394
5 395
6 7
6 9
6 10
6 11
6 13
6 17
6 18
6 20
6 22
6 23
6 25
6 27
6 28
6 29
6 31
6 33
6 41
6 46
6 48
6 49
6 50
6 51
6 52
6 55
6 60
6 62
6 63
6 65
6 78
6 84
6 86
6 99
6 102
6 106
6 129
6 133
6 136
6 144
6 146
6 196
6 236
6 270
6 280
6 285
6 290
6 302
6 335
6 349
6 382
6 392
6 395
6 399
6 400
6 404
6 405
6 406
6 407
6 408
6 410
6 417
6 422
6 424
6 426
6 537
6 720
6 730
6 737
6 742
6 837
6 1011
6 1037
6 1141
6 1142
6 1143
6 1144
6 1145
6 1146
6 1147
7 7
7 8
7 9
7 10
7 11
7 15
7 18
7 20
7 22
7 23
7 25
7 31
7 36
7 37
7 41
7 42
7 48
7 49
7 51
7 55
7 56
7 57
7 58
7 60
7 63
7 65
7 69
7 75
7 76
7 84
7 86
7 99
7 100
7 102
7 106
7 114
7 116
7 126
7 129
7 131
7 144
7 146
7 167
7 171
7 188
7 210
7 224
7 230
7 266
7 271
7 302
7 308
7 335
7 336
7 337
7 346
7 349
7 352
7 353
7 373
7 376
7 380
7 381
7 382
7 395
7 401
7 402
7 417
7 424
7 426
7 453
7 471
7 486
7 488
7 492
7 495
7 516
7 521
7 529
7 544
7 577
7 589
7 591
7 601
7 616
7 619
7 630
7 699
7 700
7 705
7 729
7 730
7 736
7 737
7 749
7 752
7 776
7 783
7 809
7 837
7 848
7 859
7 862
7 865
7 868
7 876
7 878
7 894
7 897
7 902
7 913
7 914
7 989
7 990
7 1018
7 1103
7 1111
7 1129
7 1136
7 1141
7 1153
7 1160
7 1209
7 1218
7 1219
7 1220
7 1221
7 1222
7 1223
7 1224
7 1225
7 1226
7 1227
7 1228
7 1229
7 1230
7 1231
7 1232
7 1233
7 1234
7 1235
7 1236
7 1237
7 1238
7 1239
7 1240
7 1241
7 1242
7 1243
7 1244
7 1245
7 1246
7 1247
7 1248
8 10
8 11
8 15
8 23
8 25
8 28
8 99
8 129
8 131
8 285
8 311
8 381
8 779
8 923
9 11
9 13
9 14
9 17
9 18
9 22
9 23
9 24
9 27
9 28
9 30
9 31
9 32
9 34
9 36
9 49
9 51
9 55
9 56
9 58
9 60
9 63
9 65
9 71
9 75
9 76
9 78
9 99
9 106
9 107
9 129
9 131
9 134
9 144
9 146
9 174
9 227
9 245
9 255
9 278
9 321
9 330
9 331
9 335
9 346
9 381
9 399
9 405
9 408
9 424
9 484
9 486
9 487
9 488
9 489
9 490
9 492
9 494
9 496
9 498
9 499
9 500
9 502
9 504
9 505
9 506
9 507
9 508
9 509
9 511
9 514
9 521
9 537
9 583
9 645
9 664
9 671
9 676
9 724
9 729
9 745
9 776
9 847
9 850
9 853
9 854
9 855
9 856
9 857
9 859
9 860
9 861
9 862
9 863
9 876
9 890
9 894
9 907
9 909
9 912
9 952
9 955
9 981
9 987
9 988
9 989
9 1015
9 1018
9 1037
9 1044
9 1062
9 1108
9 1109
9 1110
9 1138
9 1158
9 1160
9 1210
9 1220
9 1221
9 1223
9 1224
9 1225
9 1226
9 1229
9 1230
9 1231
9 1232
9 1233
9 1234
9 1235
9 1236
9 1237
9 1238
9 1242
9 1257
9 1259
9 1277
9 1284
9 1297
9 1338
9 1344
9 1346
9 1348
9 1352
9 1356
9 1357
9 1364
9 1367
9 1371
9 1374
9 1377
9 1378
9 1393
9 1394
9 1395
9 1396
9 1397
9 1398
9 1399
9 1400
9 1401
9 1402
9 1403
9 1404
9 1405
9 1406
9 1407
9 1408
9 1409
9 1410
9 1411
9 1412
9 1413
9 1414
9 1415
9 1416
9 1417
9 1418
9 1419
9 1420
9 1421
9 1422
9 1423
9 1424
9 1425
9 1426
9 1427
9 1428
9 1429
9 1430
9 1431
9 1432
9 1433
9 1434
10 10
10 11
10 22
10 23
10 25
10 28
10 35
10 46
10 49
10 55
10 60
10 63
10 65
10 91
10 99
10 106
10 129
10 146
10 304
10 322
10 323
10 335
10 382
10 403
10 405
10 417
10 546
10 788
10 830
10 1011
10 1067
10 1068
10 1069
10 1070
10 1071
10 1072
10 1073
10 1074
10 1075
10 1076
10 1077
10 1078
10 1079
10 1080
10 1081
10 1082
10 1083
10 1084
10 1085
11 11
11 15
11 17
11 18
11 20
11 22
11 23
11 25
11 26
11 27
11 28
11 29
11 31
11 33
11 36
11 37
11 41
11 46
11 48
11 49
11 51
11 55
11 56
11 57
11 58
11 60
11 63
11 69
11 71
11 75
11 76
11 78
11 81
11 83
11 84
11 86
11 87
11 89
11 90
11 99
11 102
11 105
11 107
11 110
11 115
11 116
11 120
11 126
11 129
11 131
11 132
11 144
11 146
11 174
11 179
11 217
11 222
11 278
11 285
11 302
11 311
11 334
11 335
11 337
11 346
11 350
11 353
11 358
11 359
11 373
11 374
11 381
11 382
11 403
11 405
11 409
11 417
11 441
11 461
11 470
11 471
11 479
11 488
11 499
11 502
11 505
11 512
11 519
11 522
11 523
11 527
11 542
11 543
11 544
11 560
11 563
11 580
11 592
11 599
11 604
11 606
11 613
11 616
11 637
11 638
11 640
11 656
11 657
11 673
11 680
11 685
11 686
11 687
11 689
11 690
11 691
11 692
11 693
11 694
11 696
11 697
11 699
11 706
11 711
11 714
11 726
11 729
11 730
11 732
11 736
11 737
11 738
11 742
11 752
11 755
11 762
11 850
11 851
11 852
11 853
11 854
11 855
11 856
11 857
11 858
11 859
11 860
11 861
11 862
11 863
11 864
11 865
11 866
11 867
11 868
11 869
11 870
11 871
11 872
11 873
11 874
11 875
11 876
11 877
11 878
11 879
11 880
11 881
11 882
11 883
11 884
11 885
11 886
11 887
11 888
11 889
11 890
11 891
11 892
11 893
11 894
11 895
11 896
11 897
11 898
11 899
11 900
11 901
11 902
11 903
11 904
11 905
11 906
11 907
11 908
11 909
11 910
11 911
11 912
11 913
13 28
13 304
13 607
13 702
13 837
13 1010
13 1144
15 18
15 22
15 23
15 28
15 31
15 49
15 51
15 60
15 99
15 131
15 144
15 335
15 401
15 403
15 435
15 845
15 945
15 947
15 948
15 950
15 982
17 97
17 113
17 131
17 165
17 176
17 186
17 199
17 207
17 225
17 226
17 235
17 237
17 248
17 299
17 327
17 430
17 432
17 447
17 453
17 467
17 480
17 794
17 795
17 920
17 956
17 957
17 958
17 979
17 1350
18 27
18 28
18 41
18 359
18 476
18 883
18 884
18 885
18 886
18 1056
18 1131
18 1132
18 1133
18 1134
19 255
20 260
20 725
20 850
20 859
20 1046
20 1299
20 1300
20 1301
20 1302
21 21
21 125
21 1242
21 1395
22 22
22 47
22 132
22 423
22 516
22 530
22 542
22 612
22 640
22 684
22 807
22 1004
22 1207
23 27
23 87
23 89
23 90
23 118
23 147
23 191
23 220
23 409
23 512
23 523
23 527
23 551
23 561
23 571
23 577
23 593
23 605
23 612
23 649
23 654
23 662
23 686
23 688
23 689
23 690
23 691
23 693
23 695
23 753
23 862
23 895
23 1049
23 1108
23 1109
23 1110
23 1111
23 1112
23 1113
23 1114
23 1115
23 1116
23 1117
23 1118
23 1119
23 1120
23 1121
25 49
25 114
25 164
25 349
25 401
25 717
25 1154
25 1281
25 1346
25 1347
26 484
26 1143
27 32
27 41
27 63
27 169
27 196
27 218
27 237
27 257
27 305
27 373
27 382
27 410
27 486
27 541
27 543
27 596
27 710
27 729
27 770
27 809
27 815
27 820
27 830
27 837
27 866
27 890
27 954
27 1001
27 1028
27 1033
27 1063
27 1130
27 1140
27 1144
27 1156
27 1199
27 1205
27 1250
27 1371
27 1372
27 1373
28 31
28 41
28 52
28 62
28 135
28 174
28 217
28 229
28 273
28 293
28 294
28 330
28 482
28 556
28 587
28 592
28 656
28 709
28 716
28 724
28 728
28 737
28 987
28 988
28 989
28 990
28 991
28 992
28 993
28 994
28 995
28 996
29 29
29 1284
31 31
31 40
31 815
31 1338
31 1339
32 1056
33 147
33 356
33 500
33 634
33 659
33 752
33 1234
33 1335
35 196
36 36
36 789
36 1240
37 37
37 650
37 789
38 165
39 39
39 1208
40 40
41 99
41 102
41 105
41 107
41 128
41 145
41 162
41 238
41 262
41 264
41 276
41 333
41 334
41 335
41 336
41 337
41 338
41 339
41 340
41 341
41 342
41 343
41 344
41 345
41 346
41 347
41 348
41 349
41 350
41 351
41 352
41 353
41 354
41 355
42 374
42 519
43 43
43 331
43 332
44 377
44 379
44 404
44 539
44 833
44 1000
44 1151
44 1197
44 1310
44 1437
45 49
46 424
48 400
48 1377
49 196
49 303
49 310
49 311
49 374
49 379
49 407
49 410
49 423
49 542
49 730
49 761
49 874
49 890
49 1011
49 1128
49 1144
49 1145
49 1162
49 1297
49 1374
49 1375
49 1376
50 188
50 195
51 230
51 309
51 310
51 311
51 312
51 313
51 314
51 315
51 316
51 317
51 318
51 319
51 320
51 321
51 322
51 323
51 324
51 325
51 326
52 52
52 194
52 246
52 359
52 360
53 53
53 311
53 379
53 537
53 1191
53 1321
53 1327
54 1317
55 59
55 320
55 534
55 628
55 640
55 641
55 1285
56 56
56 873
57 57
57 62
57 310
57 379
57 765
57 776
57 1004
57 1148
57 1149
57 1150
58 58
58 61
58 130
58 144
58 931
58 1021
59 377
59 379
59 936
59 1003
59 1126
59 1189
59 1201
59 1311
59 1465
60 189
60 874
60 890
60 993
60 1010
60 1215
60 1269
61 61
61 1002
61 1193
61 1194
62 126
62 215
62 310
62 311
62 312
62 377
62 379
62 765
62 768
62 773
62 782
62 918
62 921
62 923
62 931
62 1126
62 1200
62 1201
63 100
63 112
63 424
63 570
63 579
63 749
63 770
63 836
63 1017
63 1107
63 1128
63 1178
63 1215
63 1216
63 1217
64 1192
65 65
65 377
65 379
65 765
65 1179
66 1334
69 69
69 574
71 71
71 1480
74 74
75 75
75 622
75 1215
75 1372
75 1477
76 76
76 627
78 78
78 200
78 236
78 269
78 270
78 280
78 283
78 374
78 400
78 408
78 906
78 1060
78 1087
78 1281
81 81
81 666
81 1478
83 83
84 706
84 1143
86 106
86 136
86 426
86 877
86 1208
87 1349
88 1164
89 89
90 90
90 1283
92 106
92 180
93 165
97 97
97 127
97 207
98 223
99 131
99 165
99 203
99 246
99 355
99 371
99 396
99 428
99 429
100 100
102 102
102 306
102 307
103 103
103 223
104 104
104 162
104 165
105 105
105 209
105 223
106 106
107 107
107 183
107 184
107 1014
107 1045
107 1117
107 1266
107 1389
107 1390
107 1391
108 165
108 220
109 165
110 110
113 113
113 198
113 230
114 114
114 351
114 791
114 887
115 115
115 478
115 1286
115 1287
117 165
120 120
123 491
125 125
126 126
126 377
126 379
126 777
126 783
126 1186
126 1187
128 128
128 335
129 572
130 922
130 1028
131 176
131 474
134 134
138 138
142 142
142 895
144 564
144 1128
144 1247
144 1277
144 1278
144 1279
146 146
146 998
151 335
154 335
159 335
159 1453
162 162
162 335
162 370
162 427
162 1367
162 1368
163 335
165 167
165 172
165 173
165 174
165 175
165 178
165 180
165 183
165 185
165 188
165 190
165 192
165 193
165 200
165 202
165 212
165 217
165 223
165 229
165 236
165 237
165 238
165 240
165 255
165 256
165 257
165 258
165 259
165 260
165 261
165 262
165 263
165 264
165 265
165 266
165 267
165 268
165 269
165 270
165 271
165 272
165 273
165 274
165 275
165 276
165 277
165 278
165 279
165 280
165 281
165 282
165 283
165 284
165 285
165 286
165 287
165 288
165 289
165 290
165 291
165 292
165 293
165 294
165 295
165 296
165 297
165 298
166 167
167 180
167 194
167 206
167 210
167 246
167 247
167 293
167 431
167 711
167 1035
168 169
169 252
169 379
169 765
170 171
170 172
171 241
171 242
171 243
171 244
172 180
172 241
172 242
172 1266
173 173
173 174
174 174
174 265
174 275
174 295
176 177
178 178
178 179
178 180
179 190
179 204
179 412
179 1018
179 1019
179 1020
180 182
180 185
180 188
180 212
180 217
180 222
180 223
180 228
180 237
180 250
180 271
180 276
180 277
180 284
180 298
180 307
180 332
180 349
180 350
180 716
180 892
180 1053
180 1154
180 1155
180 1243
180 1249
180 1254
180 1368
180 1435
180 1472
180 1483
180 1485
180 1486
183 184
184 184
187 188
187 189
188 263
188 267
188 1034
188 1481
189 247
189 267
189 431
189 1034
189 1035
191 192
192 1351
196 730
197 198
197 199
198 226
198 368
198 473
198 1258
200 200
200 201
200 202
201 201
201 202
201 369
201 845
201 846
201 847
207 429
211 212
212 212
212 1167
214 215
215 310
215 311
215 379
215 765
215 771
215 1228
216 217
217 231
217 232
217 233
217 234
217 235
218 219
219 1130
222 222
222 223
222 224
223 704
223 1123
223 1211
223 1392
223 1467
223 1468
223 1469
223 1470
224 224
227 228
230 230
230 367
230 381
230 437
230 438
230 439
230 442
230 443
230 794
230 795
230 796
230 797
230 798
230 799
230 800
230 801
230 802
230 803
230 804
232 729
233 234
235 235
236 237
237 252
237 259
237 280
237 288
237 296
237 377
237 378
237 386
237 396
237 542
237 830
238 239
239 1129
246 246
249 249
249 250
249 251
249 252
249 253
249 254
250 270
250 402
250 835
250 1039
250 1126
250 1320
252 257
252 270
252 271
252 402
252 455
252 477
252 537
252 808
252 811
252 830
252 835
252 1039
252 1126
252 1320
255 255
257 310
257 311
257 357
257 378
257 457
257 544
257 778
257 779
257 782
257 931
257 1022
257 1033
258 358
259 288
259 366
259 372
259 433
259 461
259 469
259 519
259 822
259 829
259 1379
259 1380
259 1381
259 1382
261 1060
262 356
268 435
268 889
271 385
271 444
272 358
274 358
278 1124
282 282
282 319
282 1166
284 1060
285 377
285 379
285 403
285 406
285 769
285 811
285 1177
287 319
288 290
288 296
288 297
288 1087
294 328
294 329
296 296
296 1262
297 996
300 300
300 301
300 302
300 303
300 304
300 305
301 305
301 1144
302 1135
302 1246
304 304
304 382
305 305
305 1067
306 307
307 1176
309 1063
310 377
310 379
310 383
310 389
310 400
310 403
310 404
310 537
310 765
310 766
310 768
310 778
310 782
310 786
310 922
310 1032
310 1151
310 1152
310 1179
310 1189
310 1191
310 1192
310 1195
310 1270
310 1271
310 1309
310 1310
310 1311
310 1312
310 1313
310 1314
310 1315
310 1316
311 311
311 377
311 378
311 390
311 476
311 477
311 537
311 544
311 770
311 776
311 777
311 779
311 780
311 782
311 786
311 787
311 874
311 923
311 931
311 999
311 1000
311 1001
311 1002
311 1003
311 1004
311 1005
311 1006
311 1007
311 1008
311 1009
311 1010
311 1011
311 1012
312 379
312 390
312 765
312 930
316 316
322 323
323 323
323 382
323 1099
324 1251
326 930
326 1456
331 331
331 952
334 955
334 1450
335 335
335 393
335 609
335 754
335 1268
338 338
342 342
346 700
347 1453
348 414
349 349
349 363
350 1064
350 1065
350 1066
350 1358
350 1451
350 1471
350 1482
351 351
352 352
354 1366
358 1368
358 1435
358 1436
359 359
359 1342
361 362
362 381
362 472
365 366
366 373
366 448
366 449
366 450
372 372
372 373
372 374
373 459
373 460
373 461
373 462
373 463
373 464
373 465
373 466
374 374
374 816
375 376
376 1025
377 378
377 405
377 476
377 537
377 544
377 773
377 776
377 833
377 921
377 923
377 1004
377 1010
377 1106
377 1199
377 1200
377 1201
377 1202
377 1203
378 403
378 406
378 452
378 513
378 537
378 545
378 765
378 766
378 767
378 768
378 769
378 770
378 771
378 772
378 773
378 774
378 775
378 776
378 777
378 778
378 779
378 780
378 781
378 782
378 783
378 784
378 785
378 786
378 787
379 403
379 404
379 405
379 406
379 476
379 542
379 545
379 765
379 770
379 777
379 874
379 918
379 921
379 923
379 931
379 1000
379 1004
379 1011
379 1028
379 1032
379 1148
379 1199
379 1269
379 1270
379 1309
380 380
380 859
381 458
382 382
382 788
382 1069
382 1070
382 1071
382 1073
382 1075
382 1076
382 1078
382 1079
382 1080
382 1083
382 1085
382 1091
382 1100
382 1101
382 1102
382 1103
383 445
383 446
384 1003
384 1016
384 1038
385 766
385 1023
386 537
386 833
387 537
387 772
390 406
390 537
392 735
395 1210
399 400
399 514
399 515
399 521
399 862
399 863
399 989
399 990
399 1018
399 1111
399 1233
399 1234
399 1235
399 1237
399 1239
399 1432
400 406
400 408
400 424
400 698
400 1270
402 402
402 451
402 926
402 927
402 928
402 929
403 403
403 1104
403 1152
403 1157
403 1177
403 1202
403 1270
403 1271
403 1272
403 1273
403 1274
403 1275
403 1276
404 407
404 476
404 542
404 765
404 770
404 921
404 923
404 924
404 936
404 1186
404 1189
404 1192
404 1199
404 1206
404 1311
404 1313
404 1321
404 1322
404 1323
405 765
405 1198
406 406
406 1172
406 1173
406 1174
406 1175
408 408
408 897
408 1303
409 409
409 1210
409 1237
409 1280
410 849
410 1260
410 1263
410 1264
410 1265
411 1122
416 830
418 418
418 435
419 1096
420 752
422 1032
422 1215
423 1050
423 1208
424 523
424 603
424 1047
426 426
426 756
426 1228
433 434
434 520
434 821
434 1063
434 1140
434 1214
435 889
436 437
440 441
444 811
445 445
445 923
446 1461
451 452
452 921
452 922
455 455
456 457
457 986
457 997
458 959
458 960
458 961
458 962
458 963
458 964
458 965
459 459
459 479
459 1139
460 828
460 829
462 479
463 520
464 468
465 465
465 1130
468 469
470 470
470 471
471 471
471 567
471 602
471 639
471 646
471 744
471 1130
471 1222
471 1257
471 1336
471 1338
471 1365
471 1366
473 473
475 476
475 477
476 765
477 806
477 831
477 832
477 834
477 1016
477 1036
479 517
479 520
479 815
479 818
479 819
479 827
479 866
479 1130
479 1250
491 1254
491 1282
491 1355
510 727
512 512
512 1431
513 773
514 514
515 515
517 518
517 621
517 815
518 520
518 815
518 816
519 815
519 823
519 824
519 825
519 826
519 827
520 814
520 815
520 817
520 818
520 819
520 820
520 821
520 822
521 521
527 667
527 1347
528 1211
528 1354
528 1392
529 1398
529 1452
533 533
533 809
533 1298
537 537
537 543
537 545
537 923
537 1001
537 1012
537 1148
537 1188
537 1189
537 1190
537 1191
537 1192
538 1056
540 1317
542 1180
542 1188
542 1333
543 1185
543 1313
544 1055
545 765
546 788
555 555
575 575
575 878
583 583
591 1084
624 624
624 880
632 632
632 845
636 1345
638 1216
647 1115
652 714
653 879
659 659
690 690
690 1476
691 691
693 693
698 1209
702 702
702 838
702 839
702 842
702 843
702 844
702 1228
702 1292
702 1438
702 1439
702 1440
702 1441
702 1442
702 1443
702 1444
703 1122
705 1165
705 1255
705 1256
706 1013
707 1369
710 710
710 1068
710 1076
710 1082
710 1083
710 1084
711 711
711 1056
712 1213
720 726
722 722
722 1051
722 1052
725 725
726 726
727 727
727 1056
729 729
730 790
730 791
730 792
731 954
732 1257
736 736
736 1073
736 1081
737 737
737 1068
737 1070
737 1075
737 1076
737 1079
737 1082
737 1084
737 1085
741 904
742 763
742 1017
742 1352
742 1353
745 745
746 1307
746 1308
747 980
752 752
752 1153
753 1169
755 1059
757 1247
758 914
759 759
759 1056
765 874
765 923
765 931
765 1000
765 1009
765 1011
765 1028
765 1029
765 1030
765 1031
765 1032
766 777
767 784
767 1173
767 1180
767 1181
768 768
770 1311
770 1324
770 1325
771 1383
773 784
776 776
776 777
776 995
776 1004
776 1008
776 1149
776 1318
776 1319
777 777
777 1194
777 1271
778 966
778 967
778 968
778 969
778 970
778 971
778 972
778 973
778 974
778 975
778 976
778 977
778 978
779 917
779 918
779 919
782 782
782 954
783 783
783 916
785 1466
786 786
786 793
787 1127
788 788
788 1075
788 1290
791 791
798 805
808 808
808 809
809 809
809 1206
810 811
811 937
811 939
811 940
811 942
811 983
811 984
811 1040
811 1041
811 1042
811 1054
811 1057
811 1058
812 813
813 938
813 942
813 943
813 944
815 815
817 817
817 1130
817 1138
818 818
818 1138
820 1130
825 825
826 1138
827 827
828 828
828 1138
830 1069
830 1072
830 1086
830 1089
830 1090
830 1092
830 1093
830 1095
830 1105
833 833
833 999
837 837
837 838
837 839
837 840
837 841
837 842
837 843
837 844
838 1137
839 839
839 1147
840 1293
842 842
844 844
845 907
851 1484
854 854
856 856
858 1417
858 1421
859 859
862 862
862 1479
866 866
867 1473
869 1452
870 870
873 1067
874 1106
875 1464
876 876
876 1333
883 883
884 884
885 885
886 886
887 1283
889 889
890 890
890 1260
890 1263
890 1264
891 1122
895 895
897 897
900 1123
903 903
903 1359
904 904
906 906
906 1336
907 947
908 1170
909 909
910 1357
912 912
912 1212
914 914
914 915
915 915
915 1320
921 923
921 926
921 982
921 1038
922 922
923 924
923 925
924 924
924 927
924 1004
924 1463
926 926
931 932
931 933
931 934
931 935
931 936
932 985
933 1457
935 1196
936 936
940 941
945 946
946 952
948 949
950 951
951 951
951 980
953 954
954 954
954 1326
989 989
990 1474
997 1182
999 999
999 1004
1000 1199
1001 1309
1003 1003
1004 1148
1004 1201
1004 1316
1004 1328
1004 1387
1007 1125
1009 1334
1013 1013
1017 1017
1018 1018
1024 1025
1026 1027
1027 1199
1028 1148
1028 1387
1028 1459
1034 1034
1038 1038
1042 1043
1048 1049
1052 1053
1056 1142
1056 1285
1056 1338
1056 1339
1056 1340
1056 1341
1060 1061
1064 1065
1064 1066
1067 1078
1068 1068
1069 1086
1069 1087
1069 1088
1069 1089
1069 1090
1069 1091
1070 1093
1070 1445
1071 1071
1071 1087
1071 1096
1071 1097
1071 1098
1073 1073
1073 1099
1075 1075
1076 1099
1078 1078
1081 1104
1081 1288
1082 1082
1082 1104
1083 1083
1087 1089
1087 1098
1089 1093
1090 1094
1093 1093
1100 1100
1100 1290
1101 1289
1111 1111
1111 1474
1113 1298
1120 1351
1122 1123
1123 1282
1123 1369
1123 1454
1126 1126
1127 1127
1127 1128
1128 1462
1129 1129
1130 1130
1137 1137
1137 1285
1137 1448
1138 1139
1138 1140
1140 1140
1142 1143
1143 1143
1143 1305
1143 1343
1143 1390
1144 1144
1144 1261
1146 1294
1146 1295
1146 1296
1147 1267
1148 1148
1148 1384
1149 1388
1156 1156
1156 1157
1157 1157
1160 1160
1161 1178
1162 1162
1162 1215
1165 1249
1169 1169
1172 1459
1174 1177
1175 1175
1175 1318
1176 1239
1178 1178
1179 1179
1179 1185
1179 1315
1181 1181
1181 1188
1182 1183
1183 1205
1184 1185
1188 1195
1201 1201
1201 1437
1203 1456
1204 1205
1205 1330
1205 1331
1205 1332
1208 1208
1210 1210
1212 1212
1212 1297
1212 1373
1212 1447
1222 1222
1222 1346
1223 1223
1225 1225
1228 1337
1228 1344
1228 1345
1229 1229
1233 1233
1234 1234
1235 1235
1237 1237
1243 1243
1243 1305
1243 1306
1244 1281
1246 1253
1247 1247
1248 1248
1249 1255
1249 1256
1251 1252
1261 1262
1263 1263
1270 1270
1272 1386
1276 1291
1279 1370
1285 1285
1285 1375
1297 1297
1303 1304
1314 1460
1316 1316
1319 1322
1327 1327
1327 1328
1327 1329
1334 1384
1335 1335
1335 1356
1356 1356
1357 1357
1359 1359
1359 1360
1359 1361
1359 1362
1362 1364
1363 1364
1372 1372
1373 1446
1374 1374
1374 1449
1377 1377
1383 1385
1385 1458
1387 1387
1389 1475
1397 1450
1399 1399
1420 1420
1428 1428
1432 1432
1434 1434
1446 1446
1446 1447
1450 1450
1453 1453
1454 1455
1458 1458
1458 1464
