# Original to remapped node ID mapping
# remapped_id, original_id
1,1
2,701
3,2914
4,293
5,286
6,2828
7,3561
8,1800
9,7018
10,2497
11,1239
12,189
13,5727
14,14045
15,1673
16,86
17,7170
18,2685
19,13315
20,5006
21,7260
22,3356
23,2548
24,6301
25,5696
26,11354
27,6453
28,1740
29,4550
30,11015
31,6172
32,6201
33,5650
34,71
35,33
36,10911
37,12179
38,3
39,3360
40,7756
41,209
42,1691
43,200
44,7176
45,6555
46,3847
47,8092
48,6467
49,6461
50,32
51,174
52,226
53,8938
54,8959
55,4565
56,6993
57,2856
58,1833
59,8918
60,3967
61,3303
62,5413
63,3549
64,8750
65,3257
66,11341
67,14150
68,10553
69,11853
70,13942
71,11854
72,11573
73,11839
74,3126
75,10910
76,10912
77,13599
78,5646
79,13832
80,12184
81,10913
82,3495
83,11527
84,4544
85,13681
86,3491
87,5737
88,6227
89,11104
90,10827
91,202
92,34
93,46
94,199
95,5691
96,6
97,48
98,2637
99,297
100,11499
101,10725
102,600
103,10437
104,11039
105,3450
106,3932
107,6922
108,5723
109,3527
110,3749
111,10561
112,11674
113,89
114,7037
115,4648
116,3404
117,70
118,4911
119,11784
120,6597
121,7430
122,140
123,12013
124,1236
125,11417
126,3292
127,13708
128,6995
129,2551
130,3209
131,668
132,10487
133,5693
134,144
135,10506
136,6261
137,12079
138,7355
139,12228
140,7386
141,763
142,12007
143,625
144,4200
145,12207
146,1746
147,4010
148,1830
149,12025
150,11148
151,11145
152,7021
153,7193
154,8114
155,11147
156,11146
157,8017
158,7192
159,10719
160,8113
161,8112
162,6350
163,8016
164,2
165,145
166,4
167,11422
168,7
169,786
170,8
171,114
172,4557
173,9
174,5050
175,12
176,13
177,213
178,14
179,1785
180,11537
181,16
182,17
183,18
184,3354
185,20
186,22
187,25
188,11423
189,1852
190,26
191,27
192,10886
193,29
194,31
195,8973
196,3557
197,37
198,3739
199,3520
200,38
201,1225
202,1224
203,41
204,43
205,45
206,47
207,5058
208,49
209,50
210,52
211,55
212,10466
213,68
214,72
215,5551
216,73
217,101
218,74
219,3766
220,77
221,80
222,81
223,10490
224,6250
225,83
226,84
227,87
228,10680
229,88
230,721
231,11808
232,8071
233,10430
234,11827
235,7774
236,103
237,1103
238,104
239,2648
240,111
241,302
242,7276
243,5707
244,7362
245,125
246,127
247,131
248,132
249,137
250,9010
251,3426
252,8933
253,5444
254,5441
255,1742
256,7081
257,2603
258,1201
259,6509
260,217
261,3128
262,210
263,5739
264,194
265,3999
266,1249
267,6192
268,3388
269,160
270,378
271,513
272,225
273,11078
274,1312
275,1206
276,1706
277,3685
278,2572
279,11872
280,6200
281,2552
282,3676
283,693
284,7050
285,5511
286,10755
287,2698
288,10764
289,13326
290,683
291,3152
292,11745
293,7377
294,195
295,4130
296,7610
297,7539
298,5640
299,149
300,151
301,4657
302,4637
303,4058
304,2915
305,4628
306,159
307,3112
308,167
309,2493
310,5378
311,1755
312,1290
313,11997
314,12128
315,12238
316,13837
317,13883
318,6654
319,6122
320,10441
321,10722
322,2554
323,2521
324,3976
325,8013
326,8218
327,175
328,1227
329,2641
330,196
331,10838
332,6360
333,10721
334,7843
335,3951
336,12015
337,13624
338,13547
339,14075
340,13593
341,14051
342,13967
343,14047
344,12233
345,14107
346,10726
347,13661
348,2901
349,237
350,11317
351,11990
352,10326
353,11003
354,11106
355,1842
356,6510
357,224
358,7066
359,5676
360,4554
361,227
362,724
363,229
364,234
365,239
366,549
367,255
368,256
369,267
370,268
371,270
372,271
373,577
374,7189
375,278
376,6503
377,3333
378,702
379,5459
380,3914
381,568
382,2516
383,517
384,1901
385,1836
386,1136
387,3304
388,3302
389,1899
390,1889
391,790
392,2041
393,4553
394,1891
395,3407
396,288
397,291
398,292
399,7922
400,6660
401,6113
402,1275
403,4000
404,5409
405,3320
406,2917
407,6427
408,6402
409,4323
410,3786
411,3506
412,5719
413,6406
414,1829
415,3428
416,2505
417,3563
418,377
419,3429
420,10702
421,3671
422,6716
423,4969
424,6259
425,14101
426,6079
427,295
428,1843
429,1263
430,298
431,299
432,374
433,376
434,3493
435,1334
436,385
437,400
438,394
439,424
440,428
441,2966
442,440
443,497
444,789
445,12337
446,8384
447,523
448,12093
449,802
450,808
451,553
452,1270
453,555
454,557
455,559
456,565
457,1741
458,1913
459,5690
460,854
461,803
462,684
463,11085
464,855
465,2652
466,800
467,592
468,611
469,856
470,613
471,6347
472,619
473,646
474,5872
475,679
476,2686
477,1853
478,681
479,3602
480,687
481,690
482,700
483,13625
484,10851
485,11959
486,8143
487,12045
488,8074
489,4592
490,13375
491,6198
492,11810
493,11729
494,11902
495,6507
496,11971
497,13471
498,13443
499,11400
500,6410
501,13321
502,12156
503,10625
504,10453
505,13707
506,10603
507,3585
508,12069
509,12261
510,7046
511,12223
512,8079
513,705
514,12271
515,7016
516,3703
517,814
518,815
519,852
520,816
521,7015
522,11690
523,12097
524,8062
525,13368
526,7029
527,6128
528,6983
529,8047
530,11213
531,11232
532,13659
533,4926
534,13432
535,11981
536,7332
537,3300
538,5774
539,2647
540,8960
541,1680
542,5594
543,6762
544,8210
545,5089
546,703
547,11737
548,13954
549,12199
550,12010
551,12041
552,11255
553,11574
554,11826
555,11595
556,11795
557,11910
558,10434
559,8136
560,13516
561,12054
562,11377
563,13894
564,11764
565,13576
566,11664
567,14082
568,11813
569,11996
570,12117
571,11132
572,13378
573,11486
574,13851
575,11891
576,10769
577,11163
578,8000
579,10673
580,13454
581,7799
582,13360
583,6433
584,14010
585,12194
586,10788
587,10484
588,12127
589,11601
590,12237
591,12274
592,8119
593,11211
594,12197
595,11349
596,12246
597,7261
598,11584
599,13638
600,13339
601,12287
602,14315
603,11548
604,13399
605,13335
606,13379
607,7131
608,12151
609,13312
610,11214
611,13570
612,13380
613,14036
614,2140
615,13793
616,13419
617,12196
618,4960
619,14265
620,10866
621,9269
622,8012
623,12062
624,11233
625,13534
626,11908
627,13830
628,13532
629,6544
630,13762
631,13626
632,10884
633,11035
634,13614
635,14330
636,13457
637,13586
638,13445
639,13740
640,10461
641,13703
642,7042
643,10571
644,10431
645,13812
646,11319
647,13952
648,14037
649,14219
650,14067
651,14506
652,13765
653,11473
654,13896
655,11849
656,10334
657,13887
658,14114
659,11588
660,13976
661,8182
662,14034
663,13931
664,10477
665,14063
666,11952
667,13554
668,14039
669,4286
670,14133
671,14299
672,14279
673,14329
674,14127
675,13393
676,14143
677,14205
678,14154
679,12144
680,14124
681,13916
682,13983
683,14290
684,6938
685,6225
686,6223
687,6226
688,10424
689,10826
690,10828
691,6224
692,10832
693,10825
694,10833
695,10383
696,11225
697,3742
698,3384
699,10514
700,5056
701,1744
702,7474
703,6912
704,3479
705,3701
706,1760
707,6381
708,7281
709,11030
710,7515
711,2150
712,6388
713,6385
714,3850
715,11964
716,1832
717,1982
718,6071
719,7435
720,8175
721,8061
722,7893
723,13784
724,3680
725,7792
726,2711
727,7360
728,11094
729,8070
730,715
731,2853
732,4231
733,6091
734,6380
735,10754
736,4722
737,4694
738,14298
739,2712
740,11355
741,11992
742,6082
743,6437
744,8158
745,6431
746,5106
747,6386
748,6913
749,11418
750,5977
751,10564
752,2899
753,10831
754,1280
755,2379
756,3803
757,6197
758,5486
759,11829
760,6629
761,10368
762,11010
763,3403
764,13588
765,1849
766,8404
767,3259
768,9027
769,12479
770,5430
771,6747
772,6696
773,1890
774,2822
775,9055
776,5400
777,6730
778,1653
779,1257
780,3228
781,1267
782,1759
783,5556
784,3917
785,9035
786,3336
787,5377
788,4716
789,714
790,13442
791,11123
792,11076
793,719
794,1455
795,1503
796,1451
797,1597
798,745
799,1460
800,1464
801,999
802,1462
803,1527
804,1452
805,1461
806,760
807,762
808,766
809,6813
810,776
811,2200
812,777
813,1309
814,813
815,6327
816,11079
817,7992
818,12021
819,7398
820,6401
821,6407
822,818
823,10482
824,3359
825,7861
826,11257
827,6638
828,11260
829,8111
830,2907
831,1113
832,1117
833,8209
834,1205
835,1213
836,1220
837,1221
838,2764
839,4740
840,4763
841,9650
842,9313
843,4742
844,7475
845,1325
846,13997
847,6164
848,1226
849,1237
850,11812
851,11359
852,11508
853,13578
854,6580
855,13815
856,11107
857,6443
858,13488
859,11101
860,7743
861,13572
862,10994
863,8052
864,10643
865,11492
866,5769
867,10771
868,14155
869,10609
870,7997
871,4005
872,7823
873,4134
874,2529
875,11331
876,6755
877,11403
878,13329
879,11530
880,6367
881,13568
882,13404
883,5674
884,5678
885,5677
886,5675
887,4540
888,3463
889,3912
890,4766
891,3447
892,7212
893,4191
894,8043
895,7132
896,10770
897,1767
898,3851
899,1790
900,5661
901,11424
902,4373
903,8151
904,5786
905,3764
906,6325
907,1757
908,6494
909,2918
910,6222
911,10899
912,3462
913,3828
914,1241
915,8522
916,1248
917,5492
918,2863
919,2120
920,1260
921,6805
922,6900
923,1273
924,8793
925,2861
926,6878
927,8365
928,1754
929,5520
930,8355
931,1299
932,3301
933,8342
934,6793
935,3307
936,5401
937,1300
938,1303
939,1304
940,1305
941,1713
942,1717
943,2062
944,1708
945,1322
946,1335
947,1323
948,1327
949,6462
950,1330
951,1657
952,11563
953,1342
954,5515
955,1351
956,1453
957,1456
958,1485
959,1556
960,1562
961,1564
962,1569
963,1580
964,1589
965,1590
966,2841
967,2846
968,2843
969,2834
970,12384
971,2833
972,2831
973,2842
974,2836
975,5601
976,2839
977,9088
978,2837
979,1655
980,3714
981,1659
982,1667
983,1719
984,1720
985,1729
986,1739
987,11560
988,13436
989,10311
990,11955
991,11627
992,10455
993,2568
994,2715
995,2855
996,9264
997,3343
998,2532
999,6830
1000,5388
1001,6774
1002,8437
1003,5424
1004,9057
1005,5588
1006,5578
1007,2607
1008,8472
1009,5607
1010,6905
1011,5669
1012,5539
1013,4983
1014,1761
1015,1763
1016,1776
1017,1784
1018,11351
1019,7931
1020,4017
1021,14011
1022,1835
1023,2612
1024,1840
1025,3632
1026,1841
1027,9126
1028,8297
1029,2830
1030,6725
1031,2571
1032,3328
1033,1850
1034,5653
1035,6106
1036,6720
1037,1872
1038,8387
1039,1930
1040,1938
1041,1939
1042,1942
1043,2063
1044,1968
1045,1970
1046,1998
1047,2015
1048,2018
1049,11569
1050,2033
1051,2048
1052,2055
1053,13504
1054,2060
1055,2119
1056,5673
1057,2259
1058,2418
1059,13927
1060,2381
1061,3136
1062,2386
1063,11290
1064,2495
1065,2701
1066,2496
1067,4774
1068,4713
1069,2500
1070,7501
1071,2513
1072,2498
1073,4725
1074,7531
1075,7518
1076,2514
1077,2526
1078,2527
1079,4732
1080,2519
1081,4682
1082,2518
1083,4673
1084,2510
1085,4704
1086,2501
1087,7660
1088,9367
1089,4730
1090,2506
1091,4459
1092,2503
1093,2504
1094,2523
1095,2508
1096,4729
1097,3488
1098,9355
1099,9362
1100,7679
1101,4703
1102,4702
1103,4761
1104,4689
1105,2520
1106,5417
1107,2534
1108,11397
1109,11235
1110,13758
1111,10796
1112,11461
1113,7908
1114,12048
1115,12019
1116,11226
1117,7291
1118,13998
1119,11261
1120,6059
1121,11363
1122,2553
1123,11095
1124,3390
1125,9187
1126,2611
1127,2614
1128,11042
1129,5743
1130,6463
1131,5681
1132,5680
1133,7288
1134,2687
1135,2706
1136,2707
1137,7543
1138,2767
1139,11522
1140,8160
1141,4908
1142,5671
1143,7911
1144,7473
1145,3066
1146,4768
1147,3840
1148,8743
1149,6870
1150,8435
1151,2871
1152,2874
1153,11252
1154,2900
1155,2902
1156,2905
1157,6187
1158,7806
1159,11874
1160,7853
1161,3254
1162,6320
1163,11903
1164,13553
1165,3582
1166,3677
1167,11834
1168,6481
1169,7773
1170,13636
1171,13462
1172,8908
1173,12645
1174,8874
1175,5436
1176,11050
1177,3215
1178,8192
1179,5392
1180,8999
1181,8964
1182,3267
1183,8623
1184,3269
1185,6664
1186,8650
1187,6834
1188,3305
1189,8196
1190,5620
1191,5427
1192,6705
1193,8237
1194,12511
1195,8527
1196,5619
1197,3313
1198,8593
1199,8220
1200,8608
1201,8251
1202,5583
1203,8651
1204,3335
1205,5568
1206,3352
1207,14355
1208,5641
1209,11778
1210,3857
1211,3452
1212,7535
1213,3464
1214,10261
1215,8001
1216,14095
1217,11333
1218,14311
1219,11277
1220,11895
1221,11134
1222,6337
1223,4129
1224,11589
1225,11857
1226,11906
1227,13992
1228,5683
1229,13888
1230,6307
1231,13346
1232,12022
1233,11707
1234,7757
1235,11426
1236,13343
1237,11427
1238,12270
1239,11060
1240,13359
1241,14215
1242,3599
1243,5078
1244,6081
1245,4293
1246,3662
1247,11712
1248,7526
1249,4600
1250,5071
1251,3608
1252,7623
1253,3661
1254,3681
1255,4201
1256,6366
1257,3737
1258,5324
1259,3741
1260,3748
1261,3758
1262,7472
1263,3784
1264,9525
1265,9634
1266,3794
1267,4433
1268,8115
1269,8709
1270,6779
1271,6719
1272,8269
1273,8284
1274,6897
1275,8335
1276,4805
1277,11383
1278,4993
1279,6371
1280,13690
1281,4358
1282,4511
1283,13737
1284,11937
1285,7657
1286,9325
1287,9503
1288,4700
1289,4696
1290,7514
1291,4736
1292,4738
1293,7714
1294,9433
1295,9431
1296,9432
1297,4780
1298,10318
1299,13367
1300,7973
1301,6924
1302,12042
1303,5072
1304,11550
1305,7294
1306,8036
1307,5102
1308,5103
1309,5432
1310,8612
1311,8469
1312,8271
1313,8761
1314,8319
1315,9026
1316,12701
1317,5384
1318,6689
1319,6669
1320,5408
1321,6735
1322,8903
1323,8610
1324,12503
1325,8950
1326,5469
1327,5549
1328,6751
1329,8254
1330,8336
1331,8730
1332,12448
1333,9121
1334,6763
1335,6188
1336,5656
1337,5666
1338,6411
1339,13526
1340,14049
1341,11099
1342,7012
1343,5679
1344,12116
1345,10660
1346,11268
1347,13455
1348,5730
1349,10878
1350,5957
1351,11131
1352,13642
1353,11614
1354,6112
1355,6140
1356,11741
1357,11231
1358,6263
1359,6332
1360,10436
1361,11136
1362,10560
1363,6342
1364,11172
1365,13770
1366,6571
1367,14005
1368,11279
1369,6356
1370,6471
1371,9430
1372,13537
1373,9505
1374,11919
1375,7586
1376,11414
1377,7333
1378,6470
1379,10965
1380,10786
1381,10972
1382,12004
1383,6851
1384,9212
1385,8274
1386,6853
1387,6859
1388,9557
1389,10812
1390,7290
1391,10550
1392,12173
1393,6988
1394,13391
1395,10656
1396,11806
1397,12163
1398,11090
1399,13540
1400,7462
1401,12121
1402,12099
1403,7914
1404,10947
1405,11516
1406,11684
1407,12120
1408,9329
1409,11337
1410,11154
1411,10588
1412,13632
1413,13373
1414,13371
1415,14149
1416,10914
1417,13558
1418,13552
1419,13919
1420,7309
1421,13641
1422,13627
1423,12068
1424,12039
1425,12281
1426,12082
1427,13688
1428,14113
1429,10317
1430,14076
1431,14153
1432,13560
1433,12153
1434,13336
1435,11975
1436,10357
1437,12394
1438,7569
1439,7570
1440,7572
1441,7571
1442,7476
1443,7573
1444,7574
1445,7502
1446,7533
1447,7656
1448,9396
1449,7713
1450,13414
1451,7896
1452,7915
1453,7925
1454,7939
1455,32772
1456,8656
1457,8263
1458,8724
1459,8784
1460,9040
1461,8572
1462,8466
1463,8495
1464,9058
1465,12694
1466,9034
1467,13429
1468,12005
1469,12148
1470,10631
1471,10508
1472,10546
1473,10821
1474,12262
1475,14373
1476,14342
1477,13566
1478,13953
1479,65105
1480,11143
1481,11293
1482,11607
1483,11318
1484,11662
1485,12145
1486,13796
