Dataset: As-733-clean.txt
h-value: 2
Graph information:
  Nodes: 1486
  Edges: 3297
  Directed: No

Algorithm execution:
  Total h-cliques found: 3171
  Final density: 1.916949
  Total execution time: 3.13 seconds

Results:
  Densest subgraph size: 295 nodes
  Densest subgraph vertices (remapped IDs): 1, 2, 3, 4, 5, 6, 7, 8, 9, 10, 11, 13, 15, 17, 18, 20, 21, 22, 23, 25, 26, 27, 28, 29, 31, 32, 33, 35, 36, 37, 41, 42, 43, 44, 46, 48, 49, 50, 51, 52, 53, 55, 56, 57, 58, 59, 60, 61, 62, 63, 65, 69, 71, 75, 76, 78, 81, 84, 86, 87, 90, 97, 99, 102, 104, 105, 106, 107, 113, 114, 115, 126, 129, 130, 131, 132, 136, 144, 146, 162, 165, 167, 169, 171, 172, 174, 179, 180, 188, 189, 196, 198, 200, 201, 212, 215, 217, 222, 223, 230, 236, 237, 249, 250, 252, 257, 259, 270, 271, 278, 280, 285, 288, 290, 294, 296, 297, 300, 302, 304, 305, 307, 310, 311, 312, 323, 331, 334, 335, 337, 346, 349, 350, 358, 359, 366, 373, 374, 376, 377, 378, 379, 380, 381, 382, 383, 384, 385, 386, 390, 395, 399, 400, 401, 402, 403, 404, 405, 406, 407, 408, 409, 410, 417, 422, 423, 424, 426, 434, 435, 452, 457, 458, 471, 476, 477, 479, 486, 488, 491, 512, 517, 518, 519, 520, 521, 523, 527, 528, 529, 537, 542, 543, 544, 545, 640, 690, 699, 702, 705, 706, 710, 711, 729, 730, 736, 737, 742, 752, 765, 766, 767, 770, 773, 776, 777, 778, 779, 782, 783, 786, 788, 809, 811, 813, 815, 830, 833, 837, 845, 859, 862, 874, 876, 890, 907, 921, 923, 924, 931, 954, 989, 990, 1000, 1001, 1004, 1010, 1011, 1018, 1028, 1032, 1056, 1060, 1067, 1069, 1070, 1071, 1073, 1075, 1076, 1081, 1082, 1084, 1087, 1089, 1111, 1122, 1123, 1126, 1128, 1130, 1138, 1143, 1144, 1146, 1148, 1179, 1188, 1189, 1192, 1199, 1201, 1205, 1212, 1215, 1228, 1234, 1237, 1243, 1249, 1270, 1285, 1311, 1338, 1359
  Densest subgraph vertices (original IDs): 1, 701, 2914, 293, 286, 2828, 3561, 1800, 7018, 2497, 1239, 5727, 1673, 7170, 2685, 5006, 7260, 3356, 2548, 5696, 11354, 6453, 1740, 4550, 6172, 6201, 5650, 33, 10911, 12179, 209, 1691, 200, 7176, 3847, 6467, 6461, 32, 174, 226, 8938, 4565, 6993, 2856, 1833, 8918, 3967, 3303, 5413, 3549, 3257, 11853, 11854, 10910, 10912, 5646, 10913, 4544, 3491, 5737, 10827, 48, 297, 600, 11039, 3450, 3932, 6922, 89, 7037, 4648, 3292, 2551, 3209, 668, 10487, 6261, 4200, 1746, 6350, 145, 11422, 786, 114, 4557, 5050, 1785, 11537, 11423, 1852, 3557, 3739, 38, 1225, 10466, 5551, 101, 81, 10490, 721, 103, 1103, 137, 9010, 8933, 2603, 6509, 378, 513, 2572, 6200, 5511, 10764, 683, 195, 7610, 7539, 151, 4637, 2915, 4628, 3112, 5378, 1755, 1290, 2521, 10838, 7843, 3951, 13624, 10726, 237, 11317, 7066, 5676, 549, 577, 7189, 6503, 3333, 702, 5459, 3914, 568, 2516, 517, 1901, 1836, 1136, 1889, 3407, 7922, 6660, 6113, 1275, 4000, 5409, 3320, 2917, 6427, 6402, 4323, 3786, 3563, 6716, 4969, 6259, 6079, 3493, 1334, 1270, 1741, 1913, 6347, 2686, 1853, 3602, 8143, 8074, 6198, 8079, 814, 815, 852, 816, 7015, 12097, 6128, 6983, 8047, 3300, 5594, 6762, 8210, 5089, 10461, 10828, 10514, 7474, 3701, 1760, 7515, 2150, 8070, 715, 4722, 4694, 6082, 2899, 1849, 8404, 3259, 5430, 1890, 5400, 6730, 1653, 1257, 1759, 5556, 3336, 4716, 6813, 2200, 1309, 6327, 2907, 8209, 1221, 1325, 11101, 10994, 2529, 6755, 4766, 1757, 6805, 1273, 8793, 1299, 5515, 10311, 11955, 5388, 6774, 9057, 6905, 5669, 11351, 8297, 3328, 5673, 2381, 4774, 2500, 7501, 2513, 4725, 7518, 2514, 4682, 2518, 2510, 7660, 4730, 10796, 2553, 11095, 2611, 11042, 6463, 2767, 7911, 7473, 4768, 8743, 5392, 3305, 8196, 6705, 8220, 8251, 5568, 7535, 8001, 5683, 7757, 11427, 5078, 4600, 6779, 7657, 8469, 6411, 6332
