Dataset: As-Caida-clean.txt
Algorithm: CoreExact
h-value: 2
Graph information:
  Nodes: 26475
  Edges: 106762
  Directed: Yes

Algorithm execution:
  Final density: 17.111111
  Total execution time: 236.91 seconds

Results:
  Densest subgraph size: 72 nodes
  Densest subgraph vertices (remapped IDs): 4, 18, 23, 31, 58, 110, 142, 158, 196, 215, 217, 223, 224, 230, 255, 277, 334, 405, 441, 452, 456, 459, 473, 489, 505, 532, 572, 639, 712, 733, 734, 799, 811, 941, 958, 1282, 1582, 2338, 2340, 7, 12, 43, 82, 90, 152, 242, 298, 307, 337, 347, 438, 481, 613, 737, 775, 784, 842, 852, 972, 976, 1304, 2343, 2355, 2375, 2430, 2575, 3123, 4476, 30, 772, 219, 800
  Densest subgraph vertices (original IDs): 4323, 3303, 13237, 174, 7018, 6830, 2516, 19151, 1668, 6461, 25462, 2828, 3561, 1239, 19029, 6539, 7132, 4436, 12956, 2497, 4637, 3557, 8001, 812, 11164, 852, 2914, 15412, 1273, 8928, 3257, 6762, 1299, 22773, 1280, 3292, 293, 4134, 7473, 8220, 16150, 3356, 701, 3549, 6939, 6128, 2686, 209, 286, 15290, 6327, 5413, 3320, 6453, 9318, 5400, 3491, 8075, 1257, 8657, 15169, 10310, 8966, 22822, 4725, 5089, 20940, 13768, 702, 4788, 3213, 5511
