Dataset: As-Caida-clean.txt
Algorithm: CoreExact
h-value: 5
Graph information:
  Nodes: 26475
  Edges: 106762
  Directed: Yes

Algorithm execution:
  Final density: 873.671642
  Total execution time: 2370.28 seconds

Results:
  Densest subgraph size: 67 nodes
  Densest subgraph vertices (remapped IDs): 4, 18, 23, 31, 58, 110, 142, 158, 196, 215, 217, 223, 224, 230, 255, 277, 334, 405, 441, 452, 456, 473, 489, 532, 572, 639, 712, 733, 734, 799, 811, 958, 1282, 1488, 1582, 2338, 2340, 7, 12, 43, 82, 90, 152, 242, 298, 307, 337, 481, 613, 737, 784, 842, 852, 963, 972, 976, 985, 1304, 2343, 2344, 2355, 2430, 2575, 3123, 3267, 30, 800
  Densest subgraph vertices (original IDs): 4323, 3303, 13237, 174, 7018, 6830, 2516, 19151, 1668, 6461, 25462, 2828, 3561, 1239, 19029, 6539, 7132, 4436, 12956, 2497, 4637, 8001, 812, 852, 2914, 15412, 1273, 8928, 3257, 6762, 1299, 1280, 3292, 577, 293, 4134, 7473, 8220, 16150, 3356, 701, 3549, 6939, 6128, 2686, 209, 286, 5413, 3320, 6453, 5400, 3491, 8075, 4589, 1257, 8657, 6667, 15169, 10310, 3300, 8966, 4725, 5089, 20940, 8068, 702, 5511
