Dataset: As-Caida-clean.txt
Algorithm: CoreExact
h-value: 3
Graph information:
  Nodes: 26475
  Edges: 106762
  Directed: Yes

Algorithm execution:
  Final density: 86.947674
  Total execution time: 431.45 seconds

Results:
  Densest subgraph size: 172 nodes
  Densest subgraph vertices (remapped IDs): 4, 10, 18, 23, 31, 58, 110, 142, 158, 196, 215, 217, 223, 224, 230, 233, 236, 255, 277, 334, 405, 441, 447, 452, 456, 459, 473, 489, 505, 532, 572, 639, 712, 733, 734, 799, 811, 934, 941, 958, 1060, 1210, 1282, 1469, 1488, 1582, 2338, 2340, 2416, 12, 30, 43, 337, 481, 972, 6, 7, 82, 90, 99, 152, 242, 298, 307, 331, 347, 438, 583, 613, 698, 737, 742, 775, 779, 784, 842, 852, 872, 955, 963, 973, 976, 978, 985, 1304, 1377, 1518, 1533, 1576, 2047, 2105, 2108, 2176, 2177, 2200, 2268, 2308, 2315, 2317, 2322, 2328, 2343, 2344, 2349, 2355, 2362, 2375, 2379, 2390, 2404, 2413, 2420, 2422, 2430, 2575, 2814, 2841, 2942, 2994, 3009, 3084, 3123, 3145, 3185, 3223, 3267, 3324, 3387, 3478, 3486, 4250, 4289, 4476, 4910, 4919, 4949, 5953, 5960, 5968, 524, 772, 807, 1938, 2009, 2277, 2334, 2423, 2676, 3265, 3437, 4867, 10756, 124, 219, 800, 902, 2381, 3535, 4080, 4800, 5871, 119, 1192, 1226, 2856, 7800, 2829, 4835, 8409, 3047, 2634, 4075
  Densest subgraph vertices (original IDs): 4323, 2119, 3303, 13237, 174, 7018, 6830, 2516, 19151, 1668, 6461, 25462, 2828, 3561, 1239, 10026, 4766, 19029, 6539, 7132, 4436, 12956, 6389, 2497, 4637, 3557, 8001, 812, 11164, 852, 2914, 15412, 1273, 8928, 3257, 6762, 1299, 3741, 22773, 1280, 4513, 9505, 3292, 4648, 577, 293, 4134, 7473, 13037, 16150, 702, 3356, 286, 5413, 1257, 8422, 8220, 701, 3549, 8447, 6939, 6128, 2686, 209, 8708, 15290, 6327, 6805, 3320, 5462, 6453, 8468, 9318, 19548, 5400, 3491, 8075, 8121, 8674, 4589, 3246, 8657, 786, 6667, 15169, 4716, 25973, 13030, 5650, 20676, 1103, 12874, 8881, 3209, 9145, 5588, 15557, 14361, 6079, 27524, 22212, 10310, 3300, 36628, 8966, 6730, 22822, 36561, 12008, 4181, 11608, 42, 5430, 4725, 5089, 29748, 12713, 23342, 2818, 12322, 8359, 20940, 12306, 8560, 12222, 8068, 6677, 1290, 25232, 29791, 23148, 12989, 13768, 23393, 5459, 1200, 9009, 23352, 6774, 4355, 4788, 4565, 1784, 7091, 2529, 7575, 11867, 9191, 6432, 13645, 12654, 16559, 4837, 3213, 5511, 22298, 9680, 2152, 8167, 32523, 11686, 9583, 297, 4739, 14492, 8002, 29761, 18534, 16164, 32787, 18695, 24077
