Dataset: As-Caida-clean.txt
h-value: 2
Graph information:
  Nodes: 26475
  Edges: 106762
  Directed: Yes

Algorithm execution:
  Total h-cliques found: 53380
  Final density: 2.144320
  Total execution time: 1140.11 seconds

Results:
  Densest subgraph size: 2536 nodes
  Densest subgraph vertices (remapped IDs): 2, 4, 6, 7, 8, 10, 12, 18, 23, 27, 30, 31, 37, 43, 45, 46, 58, 73, 82, 90, 95, 97, 99, 101, 102, 104, 105, 108, 110, 114, 117, 119, 121, 123, 124, 125, 127, 137, 141, 142, 152, 158, 196, 212, 214, 215, 216, 217, 219, 221, 223, 224, 226, 228, 230, 232, 233, 236, 237, 240, 242, 244, 245, 247, 250, 255, 258, 259, 261, 265, 266, 268, 272, 276, 277, 284, 285, 288, 291, 292, 296, 298, 304, 306, 307, 310, 311, 313, 315, 319, 320, 325, 326, 328, 331, 334, 337, 339, 340, 342, 344, 345, 347, 353, 355, 356, 360, 361, 362, 368, 370, 375, 379, 386, 387, 396, 400, 402, 405, 410, 412, 414, 416, 418, 419, 426, 431, 435, 437, 438, 440, 441, 442, 443, 447, 450, 452, 453, 456, 459, 461, 464, 473, 479, 481, 484, 489, 494, 497, 505, 507, 511, 514, 517, 521, 524, 532, 536, 541, 543, 546, 550, 551, 556, 560, 561, 563, 564, 566, 568, 570, 572, 573, 575, 578, 583, 584, 586, 590, 593, 595, 597, 599, 600, 602, 606, 608, 611, 613, 615, 620, 623, 624, 625, 627, 629, 631, 633, 636, 637, 638, 639, 642, 643, 646, 647, 649, 655, 658, 660, 662, 666, 667, 668, 669, 670, 679, 683, 688, 690, 691, 693, 697, 698, 700, 702, 704, 706, 707, 710, 712, 714, 716, 718, 719, 722, 725, 728, 729, 731, 732, 733, 734, 737, 738, 740, 741, 742, 743, 747, 749, 754, 756, 757, 760, 763, 768, 769, 771, 772, 773, 775, 777, 779, 781, 784, 789, 790, 792, 795, 799, 800, 802, 803, 807, 808, 811, 814, 815, 817, 819, 821, 822, 825, 830, 832, 833, 842, 843, 847, 849, 850, 852, 853, 855, 856, 858, 859, 862, 863, 867, 869, 870, 872, 874, 875, 878, 882, 884, 886, 887, 893, 895, 897, 900, 902, 905, 907, 908, 913, 914, 917, 919, 921, 928, 930, 931, 934, 936, 938, 939, 941, 943, 947, 949, 951, 952, 954, 955, 956, 957, 958, 959, 960, 961, 963, 964, 968, 970, 972, 973, 976, 978, 979, 983, 985, 988, 991, 994, 995, 999, 1002, 1004, 1006, 1008, 1009, 1011, 1017, 1019, 1022, 1027, 1028, 1031, 1034, 1047, 1053, 1056, 1057, 1058, 1060, 1062, 1065, 1069, 1070, 1071, 1073, 1077, 1080, 1082, 1085, 1088, 1090, 1094, 1096, 1101, 1105, 1109, 1110, 1113, 1116, 1120, 1131, 1133, 1137, 1139, 1142, 1144, 1145, 1146, 1147, 1152, 1163, 1170, 1174, 1180, 1183, 1189, 1192, 1194, 1196, 1198, 1202, 1205, 1206, 1207, 1210, 1218, 1220, 1226, 1231, 1251, 1256, 1265, 1269, 1270, 1274, 1278, 1280, 1282, 1283, 1285, 1287, 1289, 1298, 1300, 1301, 1303, 1304, 1305, 1306, 1311, 1312, 1314, 1316, 1317, 1318, 1319, 1320, 1321, 1322, 1324, 1327, 1330, 1331, 1335, 1338, 1347, 1348, 1350, 1351, 1353, 1354, 1360, 1361, 1365, 1368, 1371, 1372, 1373, 1377, 1379, 1380, 1381, 1385, 1387, 1389, 1390, 1395, 1401, 1408, 1409, 1410, 1411, 1412, 1413, 1414, 1415, 1419, 1427, 1429, 1431, 1436, 1438, 1440, 1449, 1450, 1452, 1456, 1457, 1458, 1459, 1460, 1461, 1462, 1463, 1468, 1469, 1473, 1474, 1478, 1479, 1480, 1481, 1482, 1488, 1492, 1494, 1496, 1502, 1503, 1508, 1510, 1514, 1516, 1518, 1521, 1522, 1523, 1525, 1526, 1528, 1531, 1533, 1534, 1535, 1538, 1542, 1548, 1550, 1553, 1559, 1562, 1564, 1567, 1572, 1576, 1577, 1578, 1582, 1588, 1589, 1591, 1593, 1594, 1595, 1596, 1609, 1610, 1612, 1614, 1615, 1617, 1624, 1626, 1633, 1657, 1660, 1666, 1669, 1671, 1674, 1680, 1681, 1692, 1694, 1696, 1698, 1700, 1707, 1709, 1807, 1839, 1876, 1878, 1882, 1884, 1887, 1890, 1899, 1903, 1907, 1911, 1925, 1927, 1928, 1930, 1933, 1935, 1938, 1940, 1941, 1944, 1949, 1957, 1959, 1965, 1995, 1996, 1998, 2006, 2008, 2009, 2010, 2013, 2015, 2016, 2019, 2020, 2029, 2038, 2039, 2047, 2051, 2053, 2055, 2066, 2070, 2072, 2080, 2082, 2084, 2087, 2089, 2091, 2105, 2108, 2136, 2139, 2144, 2145, 2151, 2153, 2160, 2166, 2167, 2170, 2172, 2173, 2174, 2176, 2177, 2181, 2182, 2185, 2191, 2200, 2204, 2206, 2215, 2218, 2227, 2234, 2237, 2240, 2241, 2250, 2251, 2263, 2264, 2268, 2270, 2271, 2277, 2281, 2282, 2285, 2298, 2303, 2305, 2308, 2309, 2313, 2315, 2317, 2321, 2322, 2328, 2330, 2334, 2336, 2337, 2338, 2339, 2340, 2343, 2344, 2345, 2349, 2350, 2351, 2355, 2357, 2360, 2361, 2362, 2368, 2369, 2370, 2372, 2373, 2375, 2376, 2379, 2380, 2381, 2383, 2390, 2391, 2395, 2399, 2401, 2403, 2404, 2406, 2407, 2409, 2411, 2413, 2415, 2416, 2417, 2418, 2420, 2422, 2423, 2426, 2429, 2430, 2439, 2444, 2456, 2460, 2468, 2469, 2471, 2474, 2475, 2477, 2479, 2480, 2482, 2488, 2489, 2492, 2494, 2498, 2499, 2503, 2506, 2507, 2510, 2511, 2515, 2519, 2522, 2529, 2531, 2534, 2539, 2540, 2545, 2550, 2552, 2555, 2557, 2558, 2564, 2565, 2567, 2575, 2581, 2583, 2587, 2590, 2597, 2598, 2601, 2603, 2604, 2606, 2607, 2610, 2618, 2621, 2627, 2629, 2631, 2633, 2634, 2635, 2636, 2639, 2640, 2644, 2650, 2653, 2654, 2657, 2658, 2661, 2662, 2663, 2665, 2666, 2667, 2676, 2680, 2681, 2691, 2696, 2697, 2699, 2702, 2705, 2709, 2710, 2713, 2715, 2717, 2718, 2723, 2724, 2727, 2728, 2730, 2732, 2733, 2736, 2738, 2742, 2744, 2746, 2759, 2764, 2767, 2768, 2770, 2773, 2774, 2775, 2776, 2779, 2781, 2785, 2787, 2788, 2790, 2792, 2793, 2795, 2798, 2799, 2814, 2815, 2820, 2826, 2827, 2828, 2829, 2830, 2831, 2832, 2835, 2836, 2841, 2843, 2845, 2849, 2852, 2856, 2857, 2858, 2859, 2862, 2863, 2871, 2874, 2876, 2877, 2880, 2881, 2886, 2887, 2889, 2891, 2892, 2893, 2894, 2895, 2897, 2900, 2909, 2917, 2919, 2920, 2921, 2925, 2926, 2927, 2928, 2930, 2931, 2932, 2936, 2938, 2939, 2940, 2941, 2942, 2945, 2949, 2951, 2957, 2963, 2967, 2971, 2972, 2974, 2975, 2977, 2978, 2984, 2985, 2990, 2994, 3001, 3003, 3009, 3015, 3016, 3020, 3023, 3027, 3029, 3034, 3035, 3036, 3037, 3044, 3046, 3047, 3048, 3051, 3052, 3053, 3056, 3059, 3062, 3065, 3066, 3067, 3071, 3073, 3075, 3081, 3082, 3083, 3084, 3087, 3088, 3090, 3093, 3095, 3101, 3109, 3112, 3114, 3115, 3119, 3120, 3123, 3125, 3126, 3129, 3130, 3133, 3143, 3144, 3145, 3149, 3153, 3155, 3158, 3159, 3162, 3172, 3178, 3179, 3181, 3185, 3187, 3191, 3192, 3196, 3199, 3205, 3214, 3218, 3221, 3223, 3227, 3228, 3230, 3233, 3234, 3241, 3242, 3246, 3249, 3251, 3252, 3257, 3259, 3262, 3265, 3267, 3269, 3270, 3273, 3275, 3276, 3279, 3281, 3283, 3284, 3290, 3291, 3292, 3293, 3295, 3299, 3300, 3302, 3307, 3310, 3311, 3320, 3321, 3324, 3327, 3333, 3334, 3336, 3337, 3342, 3343, 3344, 3345, 3346, 3347, 3348, 3351, 3357, 3361, 3362, 3367, 3369, 3374, 3375, 3378, 3382, 3383, 3387, 3389, 3393, 3401, 3403, 3405, 3410, 3414, 3416, 3420, 3421, 3422, 3426, 3430, 3432, 3437, 3448, 3455, 3459, 3460, 3461, 3468, 3474, 3475, 3476, 3478, 3479, 3480, 3486, 3489, 3495, 3498, 3522, 3523, 3527, 3533, 3535, 3539, 3546, 3548, 3552, 3556, 3563, 3565, 3567, 3579, 3582, 3584, 3585, 3588, 3593, 3596, 3611, 3623, 3625, 3627, 3630, 3632, 3636, 3637, 3641, 3643, 3679, 3680, 3683, 3687, 3690, 3695, 3697, 3698, 3703, 3706, 3708, 3709, 3715, 3724, 3725, 3727, 3728, 3730, 3732, 3741, 3748, 3753, 3757, 3765, 3771, 3773, 3775, 3793, 3797, 3801, 3803, 3812, 3815, 3817, 3827, 3831, 3833, 3835, 3837, 3838, 3839, 3840, 3848, 3850, 3853, 3857, 3861, 3862, 3870, 3878, 3881, 3883, 3888, 3899, 3903, 3906, 3908, 3909, 3916, 3918, 3921, 3925, 3937, 3939, 3941, 3953, 3961, 3965, 4001, 4006, 4008, 4009, 4011, 4015, 4021, 4022, 4036, 4040, 4042, 4044, 4046, 4049, 4061, 4062, 4066, 4073, 4075, 4080, 4094, 4114, 4126, 4129, 4135, 4139, 4142, 4144, 4153, 4155, 4156, 4159, 4161, 4162, 4163, 4171, 4173, 4178, 4183, 4193, 4201, 4203, 4204, 4209, 4222, 4224, 4231, 4250, 4254, 4269, 4272, 4276, 4277, 4283, 4287, 4288, 4289, 4302, 4306, 4309, 4316, 4319, 4330, 4342, 4376, 4380, 4390, 4394, 4397, 4401, 4403, 4405, 4407, 4408, 4409, 4410, 4414, 4417, 4422, 4428, 4432, 4437, 4438, 4443, 4445, 4446, 4463, 4471, 4474, 4476, 4491, 4499, 4505, 4509, 4510, 4515, 4532, 4535, 4539, 4540, 4541, 4547, 4550, 4554, 4556, 4557, 4561, 4577, 4616, 4618, 4623, 4624, 4631, 4643, 4648, 4666, 4672, 4678, 4685, 4690, 4693, 4696, 4702, 4713, 4730, 4731, 4744, 4745, 4747, 4755, 4763, 4767, 4768, 4773, 4775, 4781, 4782, 4784, 4787, 4788, 4790, 4793, 4794, 4795, 4797, 4799, 4800, 4801, 4802, 4806, 4809, 4811, 4812, 4817, 4820, 4825, 4829, 4834, 4835, 4838, 4840, 4842, 4844, 4850, 4851, 4852, 4857, 4858, 4864, 4865, 4867, 4868, 4869, 4875, 4877, 4878, 4879, 4883, 4886, 4889, 4890, 4891, 4893, 4896, 4898, 4901, 4904, 4906, 4910, 4912, 4913, 4914, 4915, 4916, 4917, 4919, 4925, 4927, 4928, 4930, 4932, 4933, 4934, 4941, 4944, 4946, 4947, 4949, 4956, 4960, 4963, 4964, 4967, 4968, 4969, 4970, 4972, 4973, 4974, 4975, 4977, 4979, 4986, 4988, 4992, 4999, 5003, 5007, 5024, 5025, 5029, 5034, 5041, 5043, 5057, 5059, 5061, 5064, 5067, 5080, 5085, 5104, 5108, 5116, 5123, 5128, 5135, 5143, 5158, 5163, 5165, 5173, 5175, 5184, 5187, 5194, 5196, 5200, 5204, 5211, 5213, 5229, 5234, 5238, 5257, 5272, 5284, 5307, 5311, 5315, 5355, 5358, 5365, 5366, 5371, 5380, 5394, 5395, 5408, 5422, 5446, 5476, 5480, 5618, 5677, 5706, 5716, 5726, 5731, 5733, 5766, 5797, 5827, 5828, 5830, 5834, 5835, 5838, 5848, 5855, 5857, 5861, 5863, 5868, 5871, 5877, 5883, 5890, 5891, 5908, 5909, 5913, 5915, 5917, 5923, 5927, 5932, 5933, 5935, 5936, 5937, 5938, 5942, 5943, 5946, 5947, 5948, 5950, 5952, 5953, 5955, 5957, 5958, 5959, 5960, 5963, 5964, 5965, 5966, 5968, 5969, 5970, 5973, 5986, 5996, 6006, 6009, 6027, 6031, 6039, 6044, 6064, 6068, 6081, 6085, 6089, 6099, 6103, 6104, 6118, 6120, 6121, 6134, 6139, 6143, 6145, 6150, 6163, 6173, 6186, 6189, 6191, 6210, 6212, 6214, 6216, 6220, 6224, 6232, 6243, 6247, 6254, 6265, 6289, 6293, 6295, 6305, 6308, 6309, 6314, 6316, 6318, 6319, 6332, 6342, 6354, 6356, 6357, 6402, 6404, 6409, 6418, 6420, 6424, 6428, 6430, 6431, 6435, 6436, 6445, 6451, 6452, 6458, 6486, 6493, 6505, 6521, 6551, 6555, 6559, 6561, 6596, 6605, 6608, 6613, 6637, 6657, 6661, 6663, 6682, 6693, 6694, 6712, 6731, 6732, 6755, 6798, 6809, 6813, 6822, 6833, 6844, 6850, 6863, 6890, 6907, 6918, 6924, 6929, 6937, 6945, 6979, 6987, 7004, 7011, 7013, 7015, 7020, 7024, 7029, 7031, 7044, 7060, 7063, 7074, 7079, 7086, 7095, 7103, 7112, 7121, 7131, 7145, 7165, 7175, 7195, 7216, 7233, 7250, 7260, 7290, 7293, 7309, 7326, 7338, 7355, 7356, 7374, 7414, 7415, 7437, 7441, 7449, 7453, 7457, 7463, 7488, 7492, 7497, 7511, 7513, 7520, 7525, 7526, 7542, 7550, 7552, 7562, 7566, 7571, 7617, 7619, 7629, 7638, 7641, 7666, 7670, 7690, 7694, 7696, 7707, 7712, 7755, 7779, 7800, 7808, 7837, 7876, 7892, 7911, 7984, 7998, 8014, 8027, 8051, 8053, 8057, 8060, 8072, 8121, 8131, 8141, 8186, 8188, 8213, 8225, 8261, 8272, 8313, 8319, 8346, 8349, 8355, 8364, 8366, 8370, 8380, 8384, 8385, 8386, 8388, 8394, 8400, 8409, 8434, 8437, 8447, 8493, 8511, 8518, 8525, 8526, 8533, 8542, 8551, 8569, 8579, 8587, 8590, 8593, 8598, 8602, 8610, 8624, 8625, 8637, 8652, 8655, 8660, 8662, 8663, 8669, 8679, 8697, 8720, 8725, 8737, 8738, 8740, 8755, 8774, 8802, 8804, 8812, 8813, 8816, 8823, 8832, 8836, 8838, 8844, 8865, 8890, 8895, 8904, 8927, 8958, 8962, 8968, 8972, 9003, 9018, 9025, 9028, 9038, 9046, 9052, 9073, 9075, 9089, 9119, 9121, 9123, 9130, 9143, 9160, 9171, 9181, 9184, 9190, 9203, 9211, 9221, 9234, 9242, 9243, 9245, 9251, 9274, 9279, 9294, 9336, 9337, 9370, 9479, 9485, 9487, 9492, 9499, 9504, 9521, 9525, 9530, 9542, 9564, 9572, 9573, 9574, 9575, 9586, 9596, 9598, 9601, 9603, 9608, 9618, 9622, 9643, 9678, 9697, 9708, 9711, 9715, 9734, 9745, 9752, 9792, 9808, 9819, 9833, 9854, 9866, 9870, 9894, 9928, 9930, 9933, 9934, 9937, 9938, 9940, 9946, 9948, 9949, 9952, 9961, 9964, 9965, 9971, 9974, 9980, 9981, 9983, 9986, 9988, 9990, 9997, 10008, 10010, 10013, 10016, 10020, 10021, 10025, 10032, 10040, 10046, 10057, 10060, 10064, 10066, 10068, 10069, 10072, 10073, 10076, 10081, 10083, 10089, 10090, 10098, 10114, 10116, 10129, 10140, 10149, 10157, 10158, 10169, 10172, 10200, 10203, 10236, 10238, 10240, 10242, 10251, 10254, 10285, 10291, 10311, 10313, 10319, 10322, 10344, 10350, 10352, 10355, 10356, 10382, 10404, 10415, 10419, 10420, 10428, 10441, 10445, 10453, 10456, 10458, 10460, 10461, 10467, 10470, 10478, 10480, 10483, 10496, 10520, 10530, 10531, 10534, 10535, 10552, 10561, 10563, 10584, 10589, 10590, 10598, 10603, 10604, 10605, 10612, 10615, 10637, 10649, 10650, 10656, 10674, 10677, 10682, 10683, 10685, 10695, 10699, 10708, 10727, 10745, 10746, 10749, 10751, 10756, 10759, 10762, 10763, 10771, 10783, 10784, 10785, 10814, 10818, 10820, 10825, 10834, 10862, 10863, 10869, 10874, 10888, 10890, 10892, 10896, 10899, 10901, 10905, 10908, 10909, 10913, 10936, 10941, 10970, 10976, 10992, 10993, 10998, 11010, 11014, 11037, 11095, 11119, 11120, 11125, 11140, 11142, 11147, 11149, 11156, 11157, 11158, 11181, 11191, 11198, 11199, 11220, 11226, 11228, 11237, 11242, 11268, 11298, 11299, 11376, 11382, 11387, 11404, 11409, 11417, 11437, 11454, 11455, 11456, 11467, 11468, 11474, 11483, 11496, 11530, 11539, 11551, 11567, 11578, 11581, 11587, 11590, 11597, 11613, 11619, 11625, 11627, 11641, 11649, 11654, 11681, 11693, 11700, 11713, 11716, 11718, 11719, 11722, 11724, 11750, 11798, 11806, 11823, 11836, 11847, 11893, 11898, 12008, 12012, 12092, 12134, 12150, 12156, 12189, 12307, 12378, 12477, 12496, 12500, 12503, 12510, 12514, 12527, 12564, 12566, 12579, 12593, 12604, 12610, 12618, 12630, 12631, 12632, 12634, 12674, 12679, 12693, 12721, 12749, 12767, 12769, 12812, 12814, 12828, 12829, 12845, 12852, 12859, 12869, 12874, 12884, 12888, 12897, 12904, 12905, 12908, 12933, 12971, 12986, 12988, 12997, 13005, 13018, 13052, 13081, 13084, 13086, 13134, 13147, 13163, 13171, 13196, 13216, 13255, 13266, 13285, 13289, 13297, 13362, 13372, 13393, 13448, 13462, 13464, 13470, 13471, 13485, 13488, 13492, 13508, 13531, 13538, 13569, 13595, 13604, 13608, 13622, 13645, 13711, 13757, 13758, 13798, 13820, 13844, 13892, 13912, 13913, 13928, 13940, 13961, 13976, 13980, 13989, 13990, 14009, 14033, 14037, 14066, 14070, 14119, 14155, 14180, 14195, 14196, 14201, 14217, 14231, 14234, 14236, 14249, 14253, 14255, 14285, 14300, 14307, 14336, 14350, 14359, 14361, 14363, 14366, 14377, 14427, 14451, 14481, 14491, 14515, 14517, 14540, 14580, 14588, 14619, 14653, 14658, 14659, 14690, 14720, 14723, 14732, 14749, 14766, 14842, 14861, 14882, 14890, 14894, 14923, 14933, 14943, 14977, 15000, 15026, 15037, 15048, 15053, 15121, 15154, 15184, 15208, 15233, 15286, 15289, 15295, 15296, 15299, 15314, 15317, 15376, 15377, 15433, 15468, 15543, 15555, 15566, 15591, 15601, 15605, 15611, 15647, 15670, 15711, 15723, 15769, 15773, 15783, 15798, 15814, 15833, 15860, 15863, 15865, 15904, 15913, 15927, 15935, 15955, 15958, 15961, 15962, 15969, 15980, 15993, 15995, 15996, 16013, 16099, 16116, 16128, 16190, 16196, 16199, 16200, 16203, 16204, 16229, 16232, 16234, 16236, 16261, 16338, 16376, 16389, 16478, 16492, 16503, 16543, 16546, 16547, 16549, 16550, 16553, 16642, 16667, 16676, 16695, 16738, 16740, 16752, 16797, 16799, 16804, 16816, 16825, 16833, 16853, 16860, 16869, 16871, 16910, 16911, 16920, 17019, 17025, 17028, 17031, 17033, 17035, 17036, 17038, 17041, 17042, 17043, 17045, 17078, 17103, 17247, 17298, 17339, 17461, 17482, 17485, 17524, 17655, 17718, 17740, 17741, 17940, 17996, 18022, 18079, 18115, 18121, 18194, 18222, 18293, 18348, 18378, 18381, 18389, 18401, 18449, 18488, 18498, 18538, 18587, 18768, 18781, 18803, 18804, 18808, 18810, 18811, 18812, 18835, 18875, 18888, 18922, 18950, 18952, 18972, 18994, 19009, 19145, 19196, 19233, 19238, 19271, 19291, 19376, 19500, 19576, 19586, 19600, 19619, 19664, 19674, 19683, 19710, 19750, 19766, 19790, 19791, 19847, 19955, 19958, 19963, 20243, 20253, 20302, 20396, 20415, 20419, 20524, 20589, 20706, 20810, 20835, 20990, 20995, 20997, 20999, 21017, 21024, 21030, 21038, 21055, 21174, 21267, 21337, 21376, 21379, 21454, 21600, 21933, 21973, 21992, 22172, 22487, 22698, 22699, 22808, 22859, 23065, 23167, 23925, 24170, 24558, 24710, 24795, 25355, 25436
  Densest subgraph vertices (original IDs): 3216, 4323, 8422, 8220, 8434, 2119, 16150, 3303, 13237, 28908, 702, 174, 2603, 3356, 29422, 5006, 7018, 18723, 701, 3549, 20485, 25525, 8447, 11556, 26608, 17054, 6395, 17409, 6830, 23126, 25528, 9583, 8851, 17633, 4837, 9800, 1785, 11452, 6316, 2516, 6939, 19151, 1668, 19460, 8419, 6461, 15409, 25462, 3213, 24971, 2828, 3561, 24724, 20497, 1239, 18140, 10026, 4766, 3786, 5483, 6128, 18127, 2907, 34224, 19092, 19029, 26794, 15305, 7752, 10835, 26864, 21947, 8057, 15267, 6539, 30583, 33588, 13249, 8997, 8342, 26677, 2686, 19159, 10933, 209, 26878, 21215, 15982, 13091, 8400, 4358, 17113, 14742, 13646, 8708, 7132, 286, 7332, 2647, 7228, 4721, 4713, 15290, 1680, 6981, 6197, 13789, 14743, 11427, 7843, 2933, 27325, 29739, 25596, 31359, 24588, 3602, 30890, 4436, 6849, 9457, 32440, 12337, 8938, 15833, 27064, 35706, 28910, 3352, 6327, 26790, 12956, 26788, 20161, 6389, 16941, 2497, 25983, 4637, 3557, 25976, 36030, 8001, 14280, 5413, 19752, 812, 25689, 23184, 11164, 271, 7992, 21804, 26910, 6407, 4355, 852, 18676, 7385, 5568, 3255, 16713, 16503, 7705, 6140, 10429, 13791, 13790, 9957, 19855, 12181, 2914, 4557, 25405, 8390, 6805, 29527, 6908, 6770, 5391, 25441, 10036, 29119, 6739, 237, 8591, 12670, 5408, 3320, 5693, 2854, 6706, 13046, 16016, 5578, 32952, 20001, 9050, 21233, 4704, 9225, 15412, 12530, 21011, 1237, 9270, 10430, 101, 5617, 15694, 803, 10052, 18302, 7514, 9824, 18282, 19262, 2905, 5713, 7643, 24086, 6663, 2856, 5462, 39718, 34050, 7029, 8402, 8470, 26554, 1273, 20804, 26914, 30628, 10796, 8672, 21599, 20876, 41313, 31031, 12600, 8928, 3257, 6453, 12741, 29017, 29131, 8468, 5587, 3267, 5610, 17494, 25143, 15785, 8060, 24739, 16066, 16329, 2042, 4788, 9930, 9318, 14551, 19548, 3340, 5400, 8711, 12389, 21127, 32703, 6762, 5511, 6697, 13589, 4565, 18059, 1299, 8039, 36727, 10910, 9848, 3737, 32162, 10397, 8767, 3754, 9808, 3491, 14328, 5603, 18990, 20046, 8075, 11486, 9304, 9381, 32698, 6325, 2048, 6385, 3215, 1880, 16668, 8121, 23967, 17506, 1759, 9845, 9226, 8968, 3269, 12676, 12111, 9237, 39386, 22298, 24679, 18972, 14751, 1221, 7474, 6854, 7911, 12968, 29049, 2614, 6746, 3741, 20976, 6083, 25098, 22773, 8744, 2116, 17531, 30960, 112, 22548, 8674, 8763, 27552, 1280, 12041, 16034, 7500, 4589, 3277, 4230, 2764, 1257, 3246, 8657, 786, 29212, 2687, 6667, 17672, 21156, 26799, 20520, 2551, 15497, 12732, 17623, 15835, 2118, 7845, 18106, 3758, 15735, 5377, 30619, 6517, 17697, 9167, 8732, 17465, 18101, 4755, 4513, 23642, 5486, 8364, 8246, 20960, 21219, 25512, 30686, 680, 16810, 33132, 15270, 32654, 34362, 668, 7066, 8607, 6320, 15685, 15623, 6181, 30383, 29061, 29863, 7017, 12129, 23329, 16245, 39554, 15687, 29542, 22351, 9121, 12831, 7891, 4243, 24919, 297, 25228, 35549, 3313, 8990, 18185, 1659, 7539, 9505, 4265, 36024, 4739, 7894, 9127, 2200, 7654, 32068, 40285, 6983, 12333, 15738, 3292, 3307, 721, 13189, 13385, 3462, 15084, 10015, 17888, 15169, 9924, 17707, 17930, 17554, 23855, 4680, 16815, 6163, 2706, 9251, 7617, 19809, 24218, 4770, 4685, 17895, 10084, 10032, 7657, 17511, 9600, 17547, 18379, 4775, 12701, 2510, 9502, 23661, 17918, 7491, 9889, 4716, 17529, 7991, 4673, 17486, 17675, 9595, 9658, 9656, 7540, 7497, 18488, 17444, 38082, 24295, 6303, 8069, 4691, 24246, 9497, 18485, 9476, 2519, 2514, 24130, 7543, 24222, 4747, 23930, 4670, 17412, 9837, 9229, 9269, 17819, 17685, 23563, 4648, 18042, 17746, 24324, 4802, 9503, 4538, 7529, 577, 11426, 15763, 6821, 28917, 12695, 35753, 5533, 7922, 1836, 25973, 14010, 11025, 11955, 19384, 15570, 7381, 1241, 13030, 30283, 10021, 3738, 23372, 9293, 4635, 109, 4780, 16285, 3931, 29066, 20870, 5650, 7011, 3593, 293, 29304, 12880, 15803, 16966, 16967, 7212, 10490, 9070, 8717, 9498, 7660, 22561, 21615, 21737, 5668, 15772, 29491, 35381, 25330, 25370, 8856, 35144, 6731, 5537, 13293, 10912, 14265, 31242, 39505, 6509, 3900, 31252, 28763, 11100, 3333, 8382, 11260, 35320, 29414, 12578, 24456, 21433, 4058, 15577, 6802, 8262, 9063, 23520, 24018, 1784, 16265, 24785, 28716, 31475, 6402, 8584, 13264, 4795, 38613, 12064, 12182, 26228, 7091, 31800, 12124, 35566, 15736, 31253, 9198, 30653, 3597, 7908, 20676, 11269, 13802, 22364, 21261, 31445, 14359, 15837, 35830, 15742, 7106, 5583, 6661, 1103, 12874, 14825, 16916, 17379, 16735, 12302, 21548, 376, 22927, 11664, 3265, 13193, 8565, 2527, 8881, 3209, 25074, 15598, 13101, 8992, 9145, 31985, 31932, 12926, 38193, 3742, 9901, 12779, 28761, 6702, 20115, 21409, 15747, 8638, 5588, 24905, 12731, 2529, 14717, 8696, 600, 11537, 19009, 3112, 15557, 9003, 4544, 14361, 6079, 2518, 27524, 22212, 17951, 7575, 14340, 226, 4134, 20144, 7473, 10310, 3300, 7670, 36628, 9370, 17534, 8966, 4682, 9617, 9614, 6730, 9374, 4862, 13445, 17941, 2500, 22822, 4688, 36561, 27319, 9680, 7668, 12008, 7682, 9365, 17676, 7679, 36624, 4181, 18092, 36619, 9354, 17698, 11608, 10010, 13037, 4678, 703, 42, 5430, 11867, 9993, 9605, 4725, 13576, 15782, 3301, 20965, 8551, 9116, 57, 23649, 25534, 19962, 9132, 8805, 24535, 8546, 8190, 10913, 23005, 35002, 33251, 31167, 21379, 20766, 8304, 29075, 29113, 18117, 16338, 5523, 7303, 14710, 21309, 15589, 9931, 13946, 13076, 34046, 5504, 6866, 8943, 42884, 26079, 5089, 559, 206, 39003, 10355, 15444, 8015, 30834, 35591, 13005, 8514, 3595, 21195, 15612, 4195, 8473, 29045, 35254, 13720, 18695, 8151, 15600, 3770, 7795, 8048, 4761, 34523, 28502, 32962, 13760, 3238, 4657, 41042, 38930, 1916, 21497, 9191, 22203, 10848, 3955, 7859, 32934, 40064, 22781, 19024, 11003, 25466, 30167, 11588, 39912, 16814, 558, 12180, 6221, 17916, 19019, 21263, 13270, 30212, 2047, 12429, 29297, 22958, 7738, 7784, 14636, 33748, 20764, 25653, 15703, 21494, 26617, 30640, 35054, 12566, 27757, 21473, 32035, 6352, 22205, 11172, 31378, 12969, 29748, 36824, 7395, 13912, 137, 31216, 29761, 11853, 7224, 30914, 11922, 22653, 12713, 22969, 40111, 14000, 12006, 14492, 29415, 17378, 12715, 28513, 28625, 30081, 11562, 29551, 23421, 15517, 19169, 26496, 18607, 33070, 8737, 24720, 14745, 24989, 23028, 21371, 16086, 11841, 5392, 24730, 20686, 42565, 21802, 11456, 513, 16406, 5050, 11745, 31661, 38973, 34270, 28707, 25394, 21844, 23342, 13331, 18881, 11854, 22566, 34119, 14135, 20355, 9416, 36184, 12902, 26895, 36242, 35216, 29798, 30827, 2818, 33597, 8686, 12322, 26972, 30950, 15743, 26592, 24637, 11855, 16657, 12083, 27664, 1764, 27065, 21840, 32787, 9731, 26210, 35985, 15141, 11766, 16445, 6993, 8289, 16838, 12552, 20932, 6471, 25700, 21360, 22764, 6785, 8359, 32034, 41445, 22753, 33891, 20060, 103, 36351, 31027, 11081, 19318, 14744, 21687, 20940, 3248, 29930, 1126, 5602, 15180, 28877, 7341, 12306, 11919, 39757, 5539, 31323, 34587, 8866, 16128, 5394, 3327, 6, 8560, 12716, 20915, 10778, 13354, 29396, 14833, 21734, 15659, 27257, 12222, 6067, 25061, 27589, 32743, 31792, 2860, 32205, 1213, 13609, 29518, 31477, 36408, 34444, 14259, 6432, 8068, 7065, 16353, 21175, 8195, 12179, 10242, 9193, 12414, 25956, 30361, 2631, 15201, 40177, 31993, 26978, 8055, 29944, 8582, 33694, 1251, 6404, 33739, 6677, 35041, 12350, 21016, 29695, 13878, 36119, 17151, 5552, 20617, 15879, 28753, 16276, 17388, 3329, 22384, 28968, 11992, 42536, 3304, 8897, 33885, 18885, 13194, 1290, 5410, 8975, 36286, 35937, 8912, 31458, 10223, 35908, 22080, 41209, 39293, 23047, 12843, 13488, 13645, 38022, 1267, 22645, 6922, 16905, 34554, 33874, 8312, 9143, 25232, 24587, 24990, 29791, 8629, 33321, 16399, 17727, 17826, 18806, 12480, 2152, 21766, 24203, 12178, 21294, 6619, 16030, 42020, 27553, 3608, 9950, 20562, 24490, 24489, 28809, 1901, 19685, 14905, 12294, 28926, 12883, 8691, 16343, 16054, 23498, 6337, 3302, 6863, 21414, 25515, 4267, 16637, 12885, 17175, 8752, 34485, 13105, 29277, 21425, 15757, 8241, 25532, 8263, 12550, 15658, 7753, 28906, 13228, 30314, 17229, 9541, 8529, 23966, 41571, 25454, 24326, 4651, 14669, 5606, 7693, 20919, 8953, 25577, 719, 29157, 27017, 21050, 3225, 6799, 9207, 21280, 4808, 12611, 3330, 28760, 12042, 33120, 22903, 12452, 4750, 8895, 21202, 21976, 10466, 20704, 35019, 5518, 6062, 2544, 16413, 35602, 34797, 32869, 19406, 39651, 17816, 9394, 9929, 17964, 16300, 29056, 8437, 10886, 13756, 28947, 3836, 19429, 3816, 22065, 4266, 40060, 17627, 24077, 8167, 8615, 24638, 6429, 8751, 16170, 6820, 8311, 17227, 29685, 34211, 25478, 16020, 4812, 4847, 17621, 17431, 12346, 2901, 17975, 13407, 6059, 2586, 3249, 21151, 13127, 6855, 7496, 23148, 15699, 25504, 8764, 32748, 35916, 35176, 30058, 33626, 12989, 30721, 20646, 31690, 25220, 6747, 24607, 41424, 12312, 6388, 33302, 24151, 29128, 8343, 13302, 34204, 9911, 35374, 30794, 20632, 2153, 13124, 9021, 8961, 20231, 12407, 9189, 9942, 17557, 855, 11468, 567, 15857, 13768, 288, 553, 13167, 766, 3262, 8926, 29170, 12558, 8771, 8585, 25144, 34772, 13092, 25467, 9119, 31042, 9146, 15975, 1853, 14051, 39792, 21148, 8788, 43388, 22691, 29568, 23456, 21021, 24399, 13855, 16805, 6386, 9526, 28745, 276, 26468, 9299, 6648, 43022, 17232, 34655, 16531, 20299, 5645, 13999, 9829, 18104, 13173, 5557, 5432, 11647, 8954, 31708, 20640, 31251, 16243, 32523, 36623, 15535, 17536, 33970, 15945, 11960, 6735, 29614, 5605, 32613, 6910, 18534, 26415, 9264, 34997, 13489, 19041, 7552, 33843, 5769, 16097, 9155, 25459, 12654, 25308, 21570, 7545, 41552, 31283, 12714, 18403, 21949, 10929, 12392, 8918, 24875, 24245, 40009, 24634, 12634, 9031, 23393, 30176, 33554, 31084, 28788, 39556, 12399, 5459, 8804, 16131, 6412, 40028, 8781, 20718, 23504, 8527, 12359, 25279, 20853, 1200, 6656, 5381, 9150, 14537, 34726, 15435, 30740, 33517, 41690, 36617, 12059, 25542, 8341, 33544, 11259, 20481, 13778, 195, 4628, 31812, 6666, 34304, 43230, 15218, 15744, 6423, 1982, 8825, 5434, 7949, 14390, 3662, 16482, 30496, 34146, 5563, 8047, 20877, 6203, 6703, 6848, 15626, 10098, 17820, 22107, 8196, 12479, 5403, 2819, 10911, 17398, 30781, 41863, 9316, 21341, 42979, 7260, 6261, 13284, 210, 4983, 2571, 6198, 15974, 31501, 24762, 15525, 6503, 6458, 6332, 18734, 22833, 7829, 9768, 17802, 724, 10171, 18298, 2685, 6380, 35400, 12793, 34979, 34916, 19422, 19089, 27768, 6568, 7004, 10834, 6695, 6713, 22867, 594, 13868, 8358, 11686, 30337, 3316, 8365, 8517, 14342, 3912, 40498, 28929, 18712, 33260, 17639, 15830, 21099, 2611, 33837, 28685, 20495, 5466, 13049, 21478, 5390, 21392, 30844, 30094, 9009, 1653, 30880, 29686, 25180, 23352, 24167, 8586, 3212, 24642, 6774, 13285, 2874, 5760, 12491, 7788, 9989, 40387, 8445, 27066, 24867, 20530, 19197, 15471, 9723, 12310, 4768, 15924, 35302, 2588, 29404, 27385, 6383, 24862, 16467, 6360, 16582, 9051, 14080, 16179, 9186, 6505, 14985, 38154, 30362, 4621, 16206, 23172, 9729, 8492, 30209, 6536, 22772, 549, 12924, 16250, 29076, 36149, 13490, 17961, 30977, 38091, 21396, 39326, 21889, 39220, 31126, 7470, 7616, 14381, 33968, 20136, 2381, 12329, 13307, 12301, 8838, 8553, 36270, 30329, 5385, 10970, 29983, 33125, 2386, 2578, 3599, 4249, 7633, 11676, 12976, 13693, 8338, 15586, 21595, 29632, 35638, 7862, 13122, 12238, 7337, 9908, 30064, 14891, 13506, 6315, 26134, 32623, 11524, 14793, 15802, 16949, 7054, 32641, 1913, 22220, 25472, 25899, 10694, 18628, 36415, 28729, 11856, 27263, 24951, 14989, 6167, 4314, 7718, 23749, 13433, 7393, 32957, 80, 15206, 10487, 6620, 7088, 7046, 26209, 41135, 22829, 17825, 22017, 12510, 2129, 7902, 31198, 21758, 5049, 3464, 6295, 25994, 18716, 2044, 9584, 3573, 27506, 10100, 11908, 8452, 10695, 22853, 16524, 11643, 705, 23940, 4927, 11847, 13156, 19835, 26381, 10794, 7453, 18052, 20183, 33363, 13248, 10361, 32312, 39010, 25485, 15965, 17373, 27008, 22283, 16422, 38220, 6250, 16638, 16729, 7734, 28939, 13409, 17645, 8002, 10879, 27343, 26105, 15533, 15087, 7270, 27716, 6907, 12251, 18201, 30588, 16617, 11553, 18678, 7786, 19239, 26068, 2923, 32644, 9797, 19271, 5639, 3801, 40185, 9129, 12188, 41451, 24863, 23994, 5056, 27435, 6057, 2140, 24553, 30517, 6318, 13867, 17088, 16164, 10367, 33419, 21547, 6448, 31015, 6102, 18291, 13649, 17374, 9827, 16526, 6130, 19803, 21070, 19898, 22460, 27382, 11795, 31515, 15773, 27565, 24626, 5573, 36031, 7794, 26230, 14472, 12021, 1803, 12586, 26204, 3447, 715, 8271, 2820, 20771, 3130, 28886, 6851, 33189, 14263, 12735, 15836, 14048, 17400, 8756, 31430, 12879, 12418, 12772, 13749, 7796, 25847, 32454, 30666, 7459, 31769, 14858, 5427, 11845, 10565, 22925, 18730, 36420, 7012, 30340, 26627, 14960, 7610, 8119, 23265, 19806, 21488, 12615, 6778, 20634, 19647, 19108, 2697, 15440, 26943, 30373, 14383, 6450, 22356, 16685, 41707, 21232, 21502, 29222, 9700, 10452, 24134, 8893, 31530, 19158, 4515, 12897, 29648, 9919, 7397, 24320, 24247, 7700, 29664, 7713, 7602, 23947, 17408, 9329, 17228, 7629, 27678, 22335, 27750, 8697, 32327, 20569, 21856, 33915, 10204, 9340, 15919, 745, 13184, 12778, 12605, 11351, 34123, 27498, 8495, 29208, 36472, 24938, 30933, 6871, 20638, 33926, 20547, 29006, 15395, 34245, 29636, 30776, 16378, 15576, 12769, 34407, 21501, 31659, 8201, 28817, 35028, 25560, 29073, 2110, 2852, 29838, 20751, 20760, 35244, 26769, 35751, 15149, 15436, 24931, 18747, 28697, 20679, 9148, 12850, 15734, 24940, 8939, 9044, 31424, 9153, 4618, 8501, 11530, 21640, 21155, 20712, 6459, 11051, 35000, 24709, 22442, 11404, 42525, 19444, 3605, 41264, 14288, 34088, 25562, 8681, 15702, 39048, 22291, 2379, 12390, 9211, 15463, 20535, 33529, 11096, 35228, 40220, 714, 25310, 8844, 7782, 34803, 14131, 24974, 16154, 6582, 22199, 36377, 12271, 10311, 3701, 13680, 26811, 3762, 10520, 30160, 10994, 16586, 6912, 14454, 6473, 29562, 31715, 6496, 30217, 25752, 35788, 22625, 8784, 12513, 31334, 20886, 14236, 21055, 15403, 13536, 4581, 14041, 23131, 12496, 36670, 5778, 5631, 11398, 30023, 11403, 16559, 32275, 16334, 11492, 19817, 10607, 6772, 302, 6621, 12980, 8327, 14572, 81, 26483, 5388, 8680, 9035, 8137, 28986, 13819, 29668, 32288, 7296, 6364, 34763, 3, 32592, 29835, 23033, 29651, 5422, 25070, 28994, 12859, 6853, 21448, 3243, 28890, 11457, 30925, 12963, 15756, 16152, 19893, 12867, 22388, 24, 32361, 3308, 10326, 8920, 21105, 22318, 11340, 23655, 9326, 19697, 33536, 11414, 20413, 12374, 9918, 8228, 17579, 8426, 12682, 27696, 33775, 41798, 8393, 38517, 24198, 10282, 2711, 10201, 8386, 4694, 7714, 16095, 1733, 637, 400, 5803, 27046, 1226, 21491, 17477, 25408, 5429, 19366, 6122, 19782, 2861, 23844, 9601, 3776, 71, 32, 7298, 151, 31313, 35357, 35616, 13121, 35641, 41847, 9328, 17668, 32354, 21935, 8153, 36687, 72, 14608, 21686, 27585, 22343, 39775, 20959, 1970, 16852, 24995, 28858, 8308, 30733, 12297, 9066, 24213, 20746, 5690, 17622, 8323, 9351, 10002, 28870, 8061, 9443, 30912, 9881, 12797, 7892, 8685, 4546, 17003, 6881, 1120, 20655, 21413, 13041, 9737, 25347, 8387, 8331, 5800, 1580, 1562, 1563, 17565, 3479, 6846, 20963, 20081, 31077, 12871, 2848, 14085, 5467, 8509, 8282, 12369, 3261, 6886, 21189, 29031, 10578, 34325, 29933, 21385, 4776, 6372, 8368, 12338, 29278, 12683, 15672, 20657, 4809, 29037, 26163, 19355, 12386, 34104, 35422, 6361, 25490, 17709, 13910, 31529, 22284, 13263, 25086, 3253, 13792, 9822, 9738, 31117, 30726, 39168, 12455, 18592, 38, 35511, 12361, 3676, 2698, 38922, 20141, 21191, 17638, 4787, 27476, 16160, 17356, 28959, 4004, 8823, 42781, 34419, 8903, 16316, 8562, 20799, 3917, 21285, 7417, 27700, 20124, 1930, 12340, 8705, 22171, 17443, 13079, 4741, 13482, 8631, 8192, 15531, 32814, 9831, 100, 30943, 20312, 25152, 21061, 1741, 35104, 8879, 16284, 11008, 11014, 34790, 12406, 13591, 10029, 34779, 8833, 6690, 4434, 4805, 7893, 557, 3058, 32374, 6724, 16298, 31333, 23724, 4263, 11726, 13276, 20647, 16070, 4264, 18505, 35456, 8760, 12767, 2495, 21453, 684, 25229, 30971, 2607, 1955, 18231, 16083, 4645, 8469, 8741, 25625, 21013, 21353, 25658, 2003, 10961, 31771, 29691, 13432, 30170, 8371, 8513, 33902, 9308, 10764, 36461, 19401, 20080, 20388, 5078, 2857, 5669, 25615, 12394, 5784, 35412, 23550, 24183, 4609, 8482, 24936, 8225, 31500, 13238, 2683, 6903, 12690, 3218, 6850, 32101, 16229, 9430, 9625, 11139, 10097, 9812, 24835, 31065, 8524, 5536, 31619, 15475, 20858, 33211, 8683, 11796, 10594, 17927, 21240, 22742, 1742, 14325, 12637, 3344, 6384, 12932, 38715, 15895, 3254, 18189, 10217, 27765, 31196, 39621, 6779, 15915, 13213, 20500, 24963, 41012, 5503, 14116, 11666, 34305, 4600, 29314, 27357, 21922, 19115, 26827, 11697, 27026, 13333, 4511, 2572, 13062, 10464, 24961, 25588, 23383, 16960, 9513, 6596, 10954, 26622, 6387, 41095, 36323, 26803, 12975, 32751, 8877, 12541, 28840, 29125, 25192, 15606, 12876, 30071, 16339, 15766, 21345, 29009, 29055, 12887, 3347, 5397, 6298, 31383, 20857, 10292, 4319, 29204, 20629, 17231, 6764, 21166, 24832, 2915, 29226, 13118, 8677, 9306, 34676, 18118, 21284, 31654, 12693, 7246, 14103, 29329, 14453, 7271, 1887, 13246, 36607, 9607, 17451, 16345, 38148, 21437, 11317, 5661, 20850, 12773, 4693, 27044, 21320, 8483, 20773, 13301, 15670, 20507, 16626, 29550, 8859, 12112, 7926, 20847, 33965, 8608, 10674, 13821, 19332, 6736, 24945, 8339, 6382, 1140, 20928, 20747, 35637, 23911, 16642, 21142, 33934, 5547, 25233, 4675, 16629, 10738, 9080
