Dataset: Ca-HepTh-clean.txt
h-value: 2
Graph information:
  Nodes: 9877
  Edges: 51971
  Directed: Yes

Algorithm execution:
  Total h-cliques found: 25971
  Final density: 1.799814
  Total execution time: 317.85 seconds

Results:
  Densest subgraph size: 4306 nodes
  Densest subgraph vertices (remapped IDs): 2, 3, 4, 5, 7, 8, 9, 10, 11, 12, 13, 14, 15, 16, 17, 18, 19, 20, 21, 22, 23, 25, 26, 27, 28, 29, 30, 31, 32, 33, 34, 35, 36, 37, 38, 39, 40, 41, 43, 44, 46, 47, 49, 50, 51, 52, 53, 54, 55, 56, 58, 59, 60, 61, 62, 63, 64, 65, 66, 67, 68, 69, 70, 71, 72, 73, 74, 75, 76, 77, 78, 79, 80, 81, 82, 84, 85, 86, 87, 88, 89, 90, 91, 93, 94, 95, 98, 99, 100, 101, 102, 103, 105, 107, 108, 109, 110, 111, 112, 113, 114, 115, 116, 117, 118, 119, 120, 121, 122, 123, 125, 126, 128, 129, 131, 132, 133, 134, 135, 137, 138, 139, 140, 141, 142, 143, 144, 145, 146, 147, 148, 149, 150, 151, 153, 155, 156, 160, 161, 163, 164, 165, 166, 167, 168, 170, 171, 172, 173, 174, 176, 177, 178, 179, 180, 181, 183, 185, 186, 187, 188, 189, 191, 192, 193, 194, 195, 196, 198, 199, 200, 201, 202, 203, 204, 205, 206, 207, 208, 209, 210, 211, 212, 213, 215, 216, 217, 218, 219, 220, 221, 222, 223, 224, 225, 226, 228, 229, 230, 231, 232, 233, 234, 235, 236, 237, 239, 241, 243, 244, 245, 246, 247, 248, 249, 250, 251, 252, 253, 254, 255, 258, 259, 260, 262, 263, 264, 265, 267, 268, 269, 270, 271, 273, 274, 275, 276, 277, 278, 279, 280, 283, 284, 285, 286, 287, 288, 289, 291, 292, 294, 295, 296, 297, 298, 300, 301, 302, 304, 306, 307, 310, 311, 312, 313, 314, 315, 316, 317, 319, 321, 322, 323, 324, 325, 326, 327, 329, 333, 334, 335, 336, 337, 338, 339, 340, 341, 343, 344, 347, 348, 349, 351, 352, 354, 355, 356, 357, 359, 360, 361, 362, 363, 364, 365, 366, 367, 369, 370, 371, 372, 373, 374, 375, 376, 377, 378, 379, 380, 381, 383, 385, 386, 387, 388, 389, 390, 391, 392, 393, 394, 395, 396, 397, 398, 399, 400, 401, 402, 403, 405, 408, 409, 410, 411, 413, 414, 415, 417, 418, 419, 420, 421, 422, 423, 426, 428, 429, 430, 431, 432, 433, 434, 435, 436, 437, 438, 439, 440, 441, 442, 443, 445, 446, 447, 448, 451, 452, 453, 455, 459, 460, 461, 462, 463, 464, 465, 466, 469, 470, 472, 473, 474, 475, 476, 477, 479, 481, 484, 485, 486, 488, 489, 491, 492, 494, 496, 497, 499, 500, 502, 503, 507, 508, 509, 510, 512, 513, 514, 515, 516, 517, 518, 520, 521, 522, 523, 524, 525, 526, 527, 528, 529, 530, 531, 532, 534, 535, 536, 537, 538, 539, 541, 544, 545, 547, 548, 550, 552, 554, 556, 558, 560, 561, 562, 563, 565, 567, 570, 571, 572, 573, 574, 575, 576, 577, 578, 579, 581, 583, 584, 586, 587, 588, 589, 590, 591, 592, 595, 596, 597, 598, 599, 601, 602, 604, 605, 606, 607, 608, 609, 610, 611, 612, 614, 615, 617, 618, 619, 620, 621, 622, 623, 624, 625, 626, 628, 629, 630, 631, 632, 633, 634, 635, 636, 637, 638, 639, 640, 641, 643, 644, 645, 646, 647, 648, 649, 650, 651, 652, 653, 656, 659, 660, 662, 663, 664, 665, 666, 667, 669, 670, 674, 675, 676, 678, 679, 680, 681, 682, 683, 684, 685, 686, 689, 692, 693, 694, 696, 697, 698, 699, 700, 701, 702, 703, 704, 705, 706, 707, 708, 710, 711, 712, 713, 714, 715, 716, 718, 719, 720, 721, 722, 723, 725, 727, 728, 730, 731, 732, 733, 735, 736, 737, 738, 739, 740, 741, 743, 745, 746, 748, 749, 751, 752, 753, 754, 755, 756, 758, 760, 761, 763, 764, 765, 766, 767, 768, 770, 771, 772, 773, 775, 776, 777, 779, 782, 783, 784, 785, 786, 787, 788, 789, 790, 791, 792, 793, 794, 795, 796, 797, 798, 799, 800, 802, 803, 804, 805, 806, 807, 808, 809, 810, 811, 812, 815, 817, 818, 820, 821, 822, 823, 824, 825, 826, 827, 829, 830, 831, 832, 834, 835, 836, 837, 840, 842, 844, 845, 846, 848, 849, 850, 852, 853, 856, 857, 858, 859, 861, 862, 865, 867, 868, 869, 870, 871, 872, 873, 874, 877, 878, 880, 881, 882, 883, 884, 885, 886, 888, 889, 890, 891, 893, 894, 895, 896, 897, 898, 899, 900, 901, 902, 903, 904, 905, 906, 907, 908, 909, 910, 912, 913, 914, 915, 916, 917, 918, 920, 921, 922, 923, 924, 925, 926, 927, 929, 930, 931, 933, 934, 936, 938, 942, 943, 944, 945, 946, 947, 948, 949, 950, 952, 953, 954, 955, 956, 957, 958, 959, 960, 961, 962, 963, 964, 965, 966, 967, 968, 969, 970, 971, 972, 974, 975, 976, 977, 978, 979, 980, 981, 982, 983, 986, 988, 992, 993, 994, 997, 999, 1001, 1002, 1003, 1004, 1005, 1008, 1009, 1011, 1014, 1015, 1016, 1019, 1020, 1022, 1023, 1024, 1025, 1027, 1028, 1029, 1030, 1031, 1032, 1033, 1034, 1035, 1039, 1040, 1042, 1043, 1044, 1046, 1049, 1050, 1051, 1052, 1053, 1055, 1056, 1057, 1061, 1065, 1066, 1067, 1068, 1069, 1071, 1072, 1075, 1076, 1077, 1078, 1080, 1081, 1082, 1084, 1085, 1086, 1087, 1088, 1089, 1090, 1091, 1092, 1093, 1094, 1095, 1096, 1097, 1098, 1099, 1100, 1101, 1102, 1103, 1104, 1105, 1106, 1107, 1108, 1109, 1110, 1111, 1113, 1114, 1116, 1117, 1118, 1119, 1121, 1122, 1123, 1125, 1127, 1128, 1129, 1130, 1132, 1133, 1134, 1135, 1137, 1139, 1140, 1141, 1142, 1143, 1144, 1146, 1148, 1150, 1151, 1153, 1154, 1155, 1156, 1157, 1159, 1160, 1161, 1162, 1163, 1165, 1167, 1168, 1169, 1171, 1173, 1174, 1177, 1178, 1179, 1180, 1181, 1182, 1183, 1184, 1185, 1186, 1187, 1188, 1189, 1190, 1191, 1192, 1193, 1195, 1196, 1197, 1198, 1200, 1201, 1202, 1203, 1204, 1206, 1207, 1208, 1210, 1212, 1213, 1215, 1218, 1219, 1220, 1221, 1222, 1223, 1225, 1226, 1227, 1228, 1229, 1230, 1231, 1232, 1234, 1236, 1237, 1238, 1239, 1240, 1241, 1242, 1243, 1244, 1245, 1246, 1247, 1248, 1249, 1250, 1254, 1255, 1256, 1257, 1258, 1260, 1261, 1263, 1264, 1265, 1266, 1269, 1270, 1272, 1273, 1275, 1277, 1278, 1279, 1280, 1282, 1285, 1286, 1287, 1288, 1290, 1291, 1292, 1293, 1294, 1295, 1296, 1297, 1298, 1299, 1300, 1301, 1302, 1303, 1304, 1305, 1306, 1307, 1310, 1311, 1312, 1313, 1315, 1316, 1317, 1319, 1320, 1321, 1322, 1323, 1324, 1325, 1326, 1327, 1328, 1329, 1330, 1332, 1333, 1334, 1335, 1336, 1338, 1339, 1340, 1342, 1343, 1344, 1345, 1346, 1347, 1349, 1350, 1351, 1352, 1353, 1354, 1355, 1356, 1357, 1358, 1359, 1360, 1361, 1362, 1363, 1365, 1367, 1369, 1370, 1371, 1372, 1373, 1374, 1375, 1376, 1378, 1380, 1381, 1382, 1383, 1384, 1385, 1387, 1388, 1390, 1393, 1394, 1395, 1396, 1397, 1398, 1399, 1400, 1402, 1403, 1404, 1405, 1406, 1407, 1409, 1410, 1411, 1413, 1415, 1417, 1418, 1419, 1420, 1421, 1423, 1424, 1425, 1426, 1427, 1428, 1431, 1435, 1441, 1442, 1443, 1444, 1445, 1446, 1447, 1448, 1449, 1451, 1452, 1453, 1454, 1455, 1456, 1457, 1458, 1459, 1460, 1461, 1462, 1463, 1465, 1467, 1468, 1469, 1470, 1471, 1472, 1473, 1475, 1476, 1478, 1479, 1481, 1483, 1484, 1486, 1487, 1488, 1489, 1490, 1491, 1493, 1495, 1497, 1498, 1500, 1501, 1502, 1503, 1504, 1505, 1506, 1508, 1509, 1513, 1514, 1515, 1516, 1517, 1518, 1520, 1521, 1522, 1523, 1525, 1527, 1529, 1531, 1532, 1533, 1535, 1536, 1537, 1538, 1539, 1540, 1541, 1543, 1544, 1546, 1547, 1549, 1550, 1551, 1552, 1553, 1554, 1556, 1557, 1559, 1560, 1561, 1562, 1564, 1565, 1567, 1569, 1571, 1573, 1574, 1575, 1576, 1577, 1578, 1579, 1580, 1581, 1582, 1583, 1586, 1587, 1588, 1591, 1593, 1595, 1596, 1597, 1598, 1599, 1600, 1601, 1602, 1604, 1605, 1608, 1611, 1612, 1614, 1615, 1621, 1622, 1623, 1624, 1625, 1626, 1628, 1629, 1630, 1631, 1632, 1633, 1634, 1635, 1636, 1637, 1642, 1643, 1644, 1645, 1646, 1649, 1650, 1651, 1652, 1653, 1654, 1655, 1656, 1660, 1661, 1662, 1663, 1664, 1665, 1666, 1671, 1673, 1675, 1676, 1677, 1679, 1681, 1682, 1683, 1684, 1685, 1687, 1688, 1689, 1690, 1691, 1692, 1693, 1695, 1696, 1697, 1698, 1699, 1700, 1701, 1702, 1703, 1704, 1705, 1706, 1707, 1708, 1709, 1710, 1711, 1712, 1713, 1714, 1715, 1716, 1717, 1718, 1720, 1721, 1722, 1723, 1724, 1725, 1726, 1727, 1729, 1730, 1731, 1732, 1733, 1734, 1735, 1736, 1737, 1738, 1740, 1741, 1743, 1744, 1745, 1746, 1747, 1751, 1752, 1753, 1755, 1756, 1758, 1759, 1760, 1761, 1762, 1763, 1764, 1765, 1766, 1768, 1769, 1773, 1774, 1775, 1776, 1777, 1778, 1779, 1780, 1781, 1783, 1784, 1785, 1786, 1787, 1788, 1789, 1790, 1796, 1799, 1800, 1802, 1803, 1804, 1805, 1806, 1807, 1808, 1810, 1812, 1813, 1814, 1815, 1816, 1819, 1820, 1824, 1825, 1826, 1827, 1828, 1829, 1830, 1832, 1833, 1834, 1835, 1836, 1837, 1838, 1840, 1841, 1843, 1844, 1845, 1846, 1847, 1849, 1850, 1851, 1852, 1853, 1854, 1855, 1856, 1857, 1858, 1859, 1860, 1862, 1863, 1864, 1865, 1866, 1867, 1868, 1869, 1870, 1871, 1873, 1874, 1875, 1876, 1877, 1878, 1879, 1880, 1881, 1882, 1884, 1885, 1887, 1889, 1892, 1893, 1896, 1897, 1899, 1900, 1901, 1902, 1903, 1904, 1905, 1906, 1907, 1908, 1909, 1911, 1912, 1913, 1914, 1915, 1919, 1920, 1921, 1922, 1923, 1924, 1925, 1928, 1929, 1933, 1934, 1935, 1936, 1937, 1938, 1939, 1942, 1943, 1945, 1946, 1949, 1950, 1951, 1952, 1953, 1954, 1955, 1956, 1957, 1958, 1959, 1960, 1961, 1967, 1968, 1970, 1972, 1974, 1975, 1976, 1977, 1978, 1980, 1981, 1982, 1983, 1987, 1988, 1989, 1990, 1991, 1992, 1995, 1996, 1997, 1999, 2000, 2004, 2005, 2006, 2007, 2008, 2009, 2012, 2013, 2014, 2017, 2018, 2019, 2020, 2021, 2022, 2023, 2024, 2025, 2026, 2027, 2028, 2029, 2030, 2031, 2032, 2035, 2037, 2038, 2039, 2042, 2045, 2046, 2049, 2051, 2052, 2053, 2054, 2055, 2056, 2059, 2060, 2062, 2064, 2067, 2068, 2070, 2074, 2075, 2076, 2077, 2082, 2083, 2087, 2089, 2092, 2093, 2095, 2098, 2099, 2103, 2104, 2105, 2109, 2110, 2112, 2113, 2114, 2115, 2116, 2117, 2118, 2119, 2121, 2124, 2125, 2126, 2127, 2128, 2129, 2130, 2133, 2134, 2135, 2136, 2137, 2138, 2139, 2140, 2141, 2142, 2143, 2144, 2146, 2147, 2148, 2149, 2150, 2151, 2153, 2154, 2155, 2160, 2161, 2162, 2164, 2165, 2166, 2167, 2168, 2171, 2172, 2173, 2176, 2177, 2179, 2181, 2183, 2185, 2189, 2191, 2192, 2193, 2195, 2196, 2197, 2198, 2199, 2200, 2201, 2202, 2204, 2206, 2207, 2209, 2211, 2215, 2216, 2217, 2219, 2220, 2221, 2222, 2223, 2226, 2228, 2229, 2232, 2233, 2235, 2240, 2241, 2242, 2243, 2244, 2245, 2246, 2247, 2253, 2254, 2255, 2257, 2258, 2259, 2260, 2266, 2267, 2270, 2272, 2274, 2276, 2278, 2279, 2280, 2282, 2283, 2285, 2286, 2288, 2290, 2291, 2292, 2296, 2298, 2299, 2300, 2301, 2306, 2309, 2312, 2313, 2314, 2315, 2316, 2317, 2321, 2323, 2324, 2327, 2328, 2330, 2331, 2332, 2333, 2334, 2335, 2336, 2337, 2338, 2339, 2340, 2341, 2342, 2343, 2346, 2348, 2349, 2355, 2356, 2357, 2361, 2362, 2367, 2368, 2370, 2371, 2373, 2378, 2379, 2380, 2382, 2386, 2387, 2388, 2392, 2393, 2397, 2398, 2400, 2401, 2402, 2404, 2405, 2406, 2407, 2410, 2411, 2413, 2414, 2415, 2417, 2419, 2421, 2422, 2423, 2424, 2425, 2426, 2427, 2428, 2429, 2430, 2431, 2432, 2433, 2434, 2435, 2436, 2440, 2441, 2442, 2443, 2444, 2445, 2446, 2447, 2448, 2449, 2450, 2453, 2454, 2456, 2457, 2458, 2459, 2460, 2461, 2462, 2463, 2464, 2466, 2468, 2469, 2471, 2473, 2474, 2476, 2477, 2478, 2482, 2484, 2488, 2490, 2492, 2495, 2497, 2502, 2503, 2504, 2505, 2506, 2508, 2510, 2518, 2522, 2523, 2526, 2527, 2528, 2529, 2530, 2531, 2534, 2535, 2540, 2543, 2545, 2546, 2547, 2548, 2549, 2551, 2552, 2554, 2555, 2557, 2558, 2559, 2561, 2562, 2563, 2565, 2568, 2569, 2572, 2573, 2576, 2579, 2583, 2584, 2586, 2587, 2588, 2589, 2590, 2591, 2593, 2594, 2599, 2600, 2601, 2602, 2603, 2604, 2605, 2608, 2609, 2610, 2611, 2612, 2614, 2620, 2621, 2622, 2624, 2626, 2627, 2628, 2630, 2631, 2632, 2633, 2634, 2635, 2639, 2640, 2642, 2645, 2646, 2647, 2651, 2655, 2656, 2657, 2658, 2659, 2662, 2663, 2664, 2665, 2666, 2667, 2668, 2669, 2672, 2673, 2674, 2675, 2676, 2677, 2680, 2681, 2682, 2686, 2687, 2688, 2689, 2690, 2691, 2692, 2695, 2699, 2700, 2703, 2704, 2706, 2707, 2708, 2710, 2711, 2712, 2713, 2714, 2717, 2718, 2719, 2724, 2725, 2726, 2727, 2728, 2729, 2730, 2731, 2732, 2733, 2734, 2736, 2738, 2743, 2745, 2748, 2751, 2753, 2758, 2760, 2761, 2763, 2766, 2767, 2768, 2769, 2771, 2773, 2774, 2775, 2777, 2780, 2784, 2785, 2788, 2789, 2790, 2791, 2792, 2793, 2794, 2795, 2796, 2798, 2799, 2800, 2801, 2802, 2804, 2805, 2806, 2808, 2810, 2811, 2813, 2814, 2817, 2818, 2819, 2820, 2821, 2822, 2823, 2824, 2825, 2826, 2827, 2829, 2831, 2832, 2835, 2836, 2839, 2845, 2850, 2853, 2854, 2858, 2859, 2861, 2864, 2870, 2871, 2873, 2877, 2878, 2883, 2886, 2891, 2892, 2893, 2897, 2899, 2900, 2901, 2903, 2904, 2906, 2910, 2914, 2915, 2918, 2922, 2925, 2926, 2927, 2929, 2930, 2931, 2933, 2934, 2936, 2939, 2940, 2942, 2943, 2944, 2945, 2946, 2951, 2952, 2953, 2954, 2956, 2960, 2962, 2964, 2966, 2967, 2968, 2969, 2972, 2973, 2974, 2975, 2976, 2978, 2981, 2982, 2983, 2985, 2987, 2988, 2990, 2992, 2995, 3003, 3004, 3006, 3008, 3011, 3015, 3016, 3018, 3020, 3022, 3025, 3027, 3030, 3031, 3034, 3035, 3036, 3037, 3038, 3039, 3040, 3043, 3046, 3049, 3050, 3053, 3054, 3056, 3058, 3059, 3060, 3061, 3063, 3068, 3072, 3075, 3077, 3079, 3080, 3081, 3084, 3085, 3086, 3087, 3093, 3094, 3096, 3098, 3099, 3100, 3101, 3103, 3104, 3107, 3109, 3110, 3111, 3112, 3113, 3114, 3115, 3116, 3118, 3121, 3123, 3124, 3126, 3127, 3129, 3130, 3131, 3133, 3134, 3135, 3137, 3138, 3139, 3142, 3145, 3148, 3150, 3151, 3152, 3153, 3156, 3157, 3158, 3159, 3162, 3163, 3164, 3165, 3166, 3167, 3173, 3176, 3177, 3178, 3179, 3180, 3181, 3182, 3183, 3185, 3186, 3193, 3194, 3196, 3197, 3200, 3201, 3202, 3203, 3204, 3205, 3207, 3208, 3209, 3210, 3211, 3212, 3213, 3214, 3215, 3216, 3217, 3219, 3221, 3222, 3223, 3224, 3225, 3226, 3227, 3228, 3229, 3230, 3231, 3232, 3233, 3234, 3236, 3237, 3241, 3242, 3243, 3245, 3247, 3248, 3249, 3250, 3255, 3256, 3257, 3260, 3261, 3262, 3264, 3266, 3267, 3268, 3269, 3270, 3271, 3272, 3273, 3275, 3276, 3277, 3278, 3279, 3280, 3282, 3283, 3285, 3288, 3291, 3293, 3294, 3297, 3298, 3299, 3302, 3304, 3305, 3307, 3308, 3309, 3310, 3311, 3313, 3314, 3315, 3316, 3318, 3319, 3320, 3321, 3323, 3324, 3330, 3331, 3335, 3337, 3340, 3346, 3347, 3348, 3349, 3350, 3351, 3352, 3353, 3354, 3355, 3358, 3359, 3360, 3361, 3363, 3364, 3365, 3367, 3368, 3370, 3371, 3372, 3373, 3374, 3375, 3377, 3378, 3379, 3380, 3381, 3382, 3384, 3385, 3386, 3387, 3388, 3389, 3390, 3391, 3392, 3394, 3395, 3397, 3400, 3402, 3403, 3405, 3406, 3410, 3420, 3422, 3424, 3426, 3428, 3429, 3434, 3437, 3438, 3439, 3440, 3441, 3442, 3443, 3444, 3446, 3447, 3448, 3450, 3454, 3455, 3456, 3457, 3459, 3460, 3461, 3462, 3463, 3464, 3465, 3466, 3468, 3471, 3474, 3479, 3483, 3484, 3486, 3488, 3489, 3490, 3491, 3495, 3496, 3498, 3501, 3502, 3503, 3506, 3507, 3510, 3511, 3512, 3513, 3516, 3519, 3520, 3521, 3524, 3525, 3526, 3528, 3529, 3531, 3532, 3533, 3534, 3536, 3537, 3538, 3540, 3541, 3542, 3543, 3547, 3551, 3554, 3556, 3557, 3558, 3559, 3560, 3561, 3562, 3563, 3566, 3567, 3568, 3569, 3570, 3572, 3574, 3575, 3576, 3577, 3578, 3579, 3580, 3583, 3586, 3587, 3589, 3590, 3593, 3594, 3595, 3596, 3600, 3601, 3602, 3604, 3606, 3607, 3614, 3617, 3619, 3621, 3623, 3627, 3628, 3629, 3630, 3631, 3632, 3634, 3637, 3640, 3642, 3643, 3644, 3646, 3650, 3651, 3653, 3655, 3656, 3657, 3658, 3659, 3660, 3661, 3663, 3665, 3666, 3667, 3669, 3670, 3671, 3675, 3678, 3681, 3682, 3684, 3690, 3692, 3697, 3700, 3701, 3707, 3713, 3716, 3717, 3718, 3719, 3720, 3721, 3722, 3723, 3724, 3725, 3726, 3727, 3728, 3729, 3730, 3731, 3734, 3736, 3737, 3739, 3740, 3741, 3747, 3748, 3750, 3751, 3752, 3754, 3755, 3757, 3758, 3759, 3760, 3762, 3763, 3764, 3765, 3766, 3767, 3768, 3769, 3770, 3771, 3773, 3777, 3779, 3781, 3787, 3789, 3790, 3791, 3796, 3800, 3801, 3802, 3803, 3806, 3807, 3809, 3811, 3812, 3813, 3818, 3819, 3822, 3825, 3831, 3833, 3835, 3836, 3842, 3844, 3846, 3847, 3848, 3849, 3850, 3852, 3853, 3854, 3855, 3856, 3857, 3858, 3859, 3860, 3861, 3862, 3863, 3864, 3865, 3866, 3869, 3872, 3873, 3875, 3877, 3879, 3880, 3881, 3884, 3885, 3887, 3888, 3889, 3891, 3892, 3893, 3894, 3895, 3896, 3897, 3899, 3902, 3904, 3905, 3913, 3914, 3915, 3916, 3918, 3922, 3923, 3925, 3926, 3927, 3928, 3929, 3930, 3934, 3936, 3938, 3941, 3943, 3944, 3945, 3946, 3947, 3948, 3949, 3950, 3951, 3952, 3953, 3954, 3956, 3959, 3960, 3961, 3962, 3963, 3966, 3969, 3970, 3971, 3972, 3973, 3974, 3979, 3980, 3981, 3983, 3985, 3986, 3988, 3993, 3994, 4000, 4003, 4010, 4013, 4016, 4017, 4018, 4025, 4026, 4027, 4029, 4030, 4032, 4035, 4036, 4037, 4038, 4040, 4044, 4045, 4046, 4047, 4048, 4050, 4057, 4059, 4060, 4068, 4072, 4076, 4078, 4080, 4088, 4093, 4094, 4097, 4099, 4100, 4101, 4103, 4104, 4105, 4108, 4109, 4113, 4114, 4116, 4117, 4118, 4119, 4120, 4121, 4122, 4132, 4136, 4137, 4138, 4141, 4143, 4146, 4149, 4152, 4153, 4154, 4156, 4157, 4158, 4159, 4162, 4167, 4171, 4172, 4176, 4178, 4179, 4182, 4184, 4185, 4186, 4198, 4203, 4207, 4209, 4210, 4211, 4212, 4216, 4220, 4223, 4226, 4228, 4230, 4234, 4235, 4236, 4237, 4238, 4239, 4240, 4241, 4243, 4244, 4245, 4246, 4248, 4252, 4254, 4255, 4256, 4257, 4258, 4261, 4263, 4273, 4276, 4278, 4285, 4287, 4289, 4292, 4293, 4295, 4297, 4298, 4301, 4303, 4305, 4306, 4310, 4311, 4312, 4313, 4314, 4315, 4318, 4321, 4323, 4324, 4328, 4329, 4331, 4332, 4333, 4335, 4341, 4343, 4344, 4345, 4347, 4348, 4350, 4353, 4356, 4359, 4360, 4363, 4364, 4366, 4367, 4368, 4370, 4371, 4372, 4374, 4376, 4381, 4386, 4392, 4393, 4394, 4398, 4399, 4401, 4405, 4407, 4416, 4419, 4421, 4426, 4428, 4429, 4431, 4433, 4434, 4435, 4436, 4437, 4439, 4443, 4444, 4446, 4451, 4452, 4453, 4454, 4457, 4459, 4462, 4470, 4471, 4473, 4475, 4483, 4484, 4485, 4486, 4487, 4488, 4489, 4490, 4491, 4492, 4493, 4494, 4496, 4497, 4498, 4499, 4500, 4501, 4502, 4503, 4504, 4505, 4506, 4507, 4508, 4509, 4510, 4511, 4512, 4513, 4514, 4515, 4517, 4519, 4527, 4531, 4533, 4536, 4546, 4547, 4548, 4549, 4550, 4551, 4553, 4555, 4558, 4559, 4560, 4565, 4567, 4568, 4569, 4570, 4572, 4573, 4580, 4581, 4582, 4584, 4586, 4587, 4588, 4589, 4590, 4591, 4593, 4594, 4595, 4597, 4600, 4601, 4603, 4605, 4606, 4610, 4611, 4616, 4617, 4620, 4621, 4628, 4638, 4639, 4642, 4643, 4644, 4645, 4651, 4656, 4657, 4658, 4659, 4660, 4661, 4663, 4664, 4666, 4667, 4668, 4670, 4671, 4674, 4678, 4679, 4682, 4683, 4684, 4687, 4688, 4689, 4690, 4691, 4693, 4694, 4696, 4702, 4706, 4708, 4709, 4710, 4711, 4714, 4716, 4717, 4718, 4724, 4727, 4736, 4738, 4753, 4758, 4762, 4764, 4765, 4766, 4768, 4769, 4775, 4778, 4781, 4784, 4791, 4792, 4795, 4797, 4799, 4801, 4807, 4810, 4811, 4814, 4821, 4824, 4825, 4837, 4840, 4841, 4842, 4843, 4844, 4846, 4847, 4848, 4849, 4850, 4858, 4859, 4860, 4861, 4864, 4873, 4876, 4879, 4882, 4890, 4894, 4898, 4899, 4900, 4901, 4902, 4905, 4909, 4912, 4913, 4915, 4923, 4924, 4925, 4926, 4928, 4929, 4931, 4932, 4934, 4935, 4936, 4937, 4938, 4940, 4941, 4942, 4951, 4955, 4957, 4958, 4959, 4960, 4961, 4962, 4964, 4972, 4974, 4977, 4978, 4979, 4982, 4983, 4991, 4997, 4998, 4999, 5000, 5001, 5003, 5004, 5007, 5008, 5009, 5010, 5013, 5014, 5019, 5026, 5027, 5029, 5032, 5033, 5036, 5037, 5040, 5041, 5048, 5049, 5052, 5055, 5059, 5061, 5062, 5064, 5067, 5074, 5075, 5076, 5077, 5078, 5080, 5081, 5082, 5083, 5085, 5088, 5090, 5094, 5096, 5098, 5101, 5102, 5108, 5111, 5112, 5114, 5115, 5117, 5118, 5126, 5128, 5129, 5130, 5141, 5142, 5143, 5146, 5147, 5148, 5149, 5150, 5155, 5158, 5159, 5160, 5161, 5164, 5165, 5171, 5172, 5175, 5176, 5178, 5179, 5182, 5184, 5185, 5186, 5199, 5200, 5202, 5203, 5205, 5207, 5208, 5209, 5210, 5217, 5219, 5220, 5222, 5230, 5231, 5233, 5234, 5235, 5237, 5239, 5255, 5274, 5275, 5276, 5277, 5287, 5288, 5289, 5294, 5295, 5296, 5297, 5299, 5301, 5302, 5303, 5304, 5305, 5307, 5308, 5309, 5311, 5314, 5321, 5324, 5326, 5327, 5328, 5330, 5331, 5333, 5334, 5336, 5341, 5348, 5351, 5353, 5354, 5356, 5359, 5361, 5366, 5370, 5372, 5376, 5386, 5391, 5394, 5396, 5400, 5403, 5404, 5405, 5406, 5410, 5412, 5413, 5418, 5419, 5420, 5421, 5424, 5425, 5427, 5432, 5433, 5434, 5443, 5446, 5450, 5452, 5453, 5454, 5461, 5463, 5464, 5465, 5466, 5467, 5468, 5469, 5470, 5474, 5475, 5478, 5479, 5481, 5482, 5485, 5487, 5498, 5500, 5501, 5503, 5505, 5506, 5508, 5509, 5511, 5512, 5514, 5517, 5518, 5519, 5520, 5528, 5530, 5531, 5532, 5533, 5538, 5540, 5541, 5551, 5552, 5553, 5555, 5557, 5571, 5575, 5584, 5585, 5586, 5587, 5589, 5606, 5612, 5620, 5624, 5629, 5634, 5637, 5639, 5648, 5651, 5654, 5660, 5662, 5672, 5673, 5676, 5686, 5687, 5694, 5697, 5698, 5700, 5706, 5711, 5713, 5714, 5716, 5717, 5718, 5721, 5725, 5727, 5728, 5729, 5731, 5732, 5733, 5734, 5736, 5737, 5738, 5742, 5743, 5744, 5746, 5762, 5763, 5766, 5767, 5768, 5769, 5770, 5771, 5772, 5773, 5774, 5775, 5777, 5778, 5781, 5797, 5798, 5799, 5800, 5801, 5804, 5805, 5806, 5807, 5814, 5815, 5822, 5823, 5828, 5829, 5831, 5839, 5840, 5845, 5846, 5848, 5849, 5850, 5851, 5852, 5853, 5856, 5857, 5858, 5859, 5863, 5864, 5865, 5867, 5868, 5870, 5872, 5877, 5878, 5879, 5880, 5881, 5882, 5886, 5887, 5891, 5892, 5897, 5898, 5903, 5904, 5906, 5907, 5909, 5910, 5917, 5918, 5923, 5925, 5926, 5932, 5933, 5934, 5935, 5936, 5937, 5939, 5940, 5941, 5942, 5946, 5951, 5953, 5954, 5956, 5961, 5964, 5970, 5973, 5974, 5977, 5983, 5985, 5986, 5987, 5988, 5991, 5993, 6001, 6005, 6007, 6011, 6012, 6014, 6019, 6020, 6022, 6023, 6024, 6025, 6028, 6029, 6032, 6033, 6035, 6036, 6043, 6049, 6052, 6055, 6056, 6057, 6067, 6080, 6083, 6085, 6095, 6101, 6104, 6105, 6112, 6116, 6118, 6128, 6129, 6130, 6140, 6141, 6142, 6148, 6152, 6153, 6154, 6155, 6156, 6162, 6167, 6172, 6176, 6182, 6184, 6193, 6194, 6195, 6196, 6201, 6202, 6209, 6213, 6214, 6223, 6228, 6229, 6233, 6235, 6237, 6242, 6245, 6250, 6251, 6258, 6261, 6263, 6271, 6273, 6275, 6277, 6278, 6285, 6298, 6299, 6300, 6301, 6302, 6303, 6304, 6305, 6307, 6309, 6313, 6318, 6320, 6321, 6322, 6328, 6329, 6330, 6331, 6334, 6337, 6339, 6341, 6344, 6347, 6352, 6363, 6365, 6367, 6380, 6386, 6387, 6389, 6392, 6395, 6401, 6402, 6403, 6409, 6412, 6413, 6417, 6421, 6429, 6430, 6431, 6432, 6433, 6437, 6438, 6445, 6464, 6465, 6466, 6473, 6474, 6475, 6476, 6478, 6479, 6480, 6481, 6482, 6484, 6485, 6486, 6487, 6488, 6490, 6492, 6498, 6503, 6507, 6511, 6512, 6513, 6516, 6542, 6546, 6548, 6553, 6561, 6562, 6563, 6564, 6565, 6566, 6567, 6571, 6574, 6576, 6581, 6584, 6586, 6587, 6588, 6589, 6590, 6591, 6592, 6593, 6594, 6595, 6596, 6598, 6604, 6613, 6615, 6616, 6617, 6618, 6624, 6625, 6627, 6628, 6629, 6633, 6634, 6635, 6640, 6641, 6648, 6659, 6662, 6677, 6681, 6684, 6687, 6688, 6690, 6691, 6692, 6693, 6703, 6704, 6708, 6711, 6712, 6716, 6732, 6733, 6751, 6753, 6755, 6756, 6763, 6765, 6770, 6773, 6778, 6780, 6783, 6784, 6786, 6788, 6789, 6797, 6802, 6803, 6804, 6809, 6810, 6822, 6832, 6835, 6846, 6858, 6861, 6863, 6864, 6868, 6869, 6871, 6872, 6880, 6882, 6889, 6901, 6902, 6910, 6912, 6919, 6920, 6927, 6929, 6940, 6941, 6942, 6947, 6950, 6957, 6958, 6959, 6960, 6962, 6963, 6965, 6968, 6971, 6976, 6985, 6990, 6999, 7000, 7001, 7009, 7010, 7011, 7012, 7018, 7019, 7022, 7029, 7033, 7039, 7040, 7041, 7043, 7045, 7046, 7048, 7049, 7050, 7057, 7058, 7061, 7062, 7063, 7064, 7065, 7066, 7067, 7072, 7078, 7092, 7102, 7103, 7106, 7112, 7114, 7121, 7140, 7141, 7148, 7150, 7152, 7153, 7156, 7161, 7162, 7163, 7164, 7165, 7166, 7167, 7168, 7169, 7184, 7196, 7198, 7204, 7210, 7211, 7212, 7214, 7215, 7221, 7224, 7227, 7229, 7232, 7238, 7239, 7240, 7241, 7242, 7243, 7244, 7245, 7256, 7265, 7269, 7284, 7285, 7294, 7296, 7298, 7305, 7306, 7312, 7313, 7314, 7315, 7317, 7318, 7319, 7321, 7322, 7329, 7332, 7345, 7346, 7347, 7348, 7349, 7350, 7351, 7352, 7353, 7354, 7357, 7358, 7359, 7360, 7361, 7387, 7388, 7390, 7395, 7399, 7400, 7405, 7412, 7413, 7421, 7423, 7428, 7434, 7437, 7440, 7442, 7447, 7448, 7450, 7460, 7461, 7466, 7469, 7471, 7476, 7480, 7481, 7485, 7486, 7509, 7511, 7513, 7514, 7515, 7516, 7517, 7520, 7531, 7532, 7533, 7535, 7536, 7537, 7549, 7551, 7553, 7555, 7556, 7557, 7581, 7584, 7595, 7596, 7597, 7598, 7601, 7602, 7604, 7605, 7607, 7610, 7624, 7625, 7628, 7635, 7639, 7648, 7662, 7664, 7665, 7666, 7667, 7671, 7672, 7673, 7674, 7678, 7679, 7686, 7693, 7700, 7710, 7718, 7719, 7720, 7721, 7722, 7723, 7724, 7725, 7727, 7732, 7738, 7739, 7740, 7741, 7757, 7758, 7776, 7779, 7790, 7796, 7799, 7800, 7801, 7802, 7810, 7822, 7841, 7843, 7853, 7854, 7855, 7861, 7877, 7878, 7879, 7880, 7889, 7894, 7899, 7904, 7905, 7906, 7918, 7919, 7920, 7925, 7930, 7932, 7936, 7941, 7942, 7943, 7944, 7946, 7950, 7951, 7963, 7965, 7983, 7984, 7985, 7986, 7987, 7988, 7989, 7991, 7992, 7995, 7996, 7997, 7998, 7999, 8000, 8001, 8003, 8016, 8019, 8023, 8029, 8030, 8031, 8046, 8047, 8053, 8065, 8068, 8069, 8072, 8078, 8079, 8080, 8081, 8084, 8085, 8086, 8087, 8088, 8090, 8098, 8119, 8127, 8165, 8168, 8187, 8191, 8195, 8196, 8197, 8198, 8199, 8223, 8224, 8226, 8228, 8230, 8249, 8250, 8251, 8253, 8254, 8255, 8261, 8287, 8290, 8298, 8306, 8307, 8308, 8309, 8310, 8311, 8336, 8365, 8366, 8371, 8392, 8409, 8412, 8447, 8451, 8454, 8467, 8476, 8477, 8478, 8479, 8481, 8483, 8484, 8485, 8486, 8487, 8488, 8502, 8517, 8518, 8519, 8520, 8521, 8522, 8524, 8528, 8541, 8551, 8562, 8574, 8575, 8579, 8582, 8586, 8592, 8593, 8594, 8597, 8598, 8600, 8602, 8603, 8625, 8631, 8632, 8633, 8645, 8649, 8650, 8651, 8652, 8656, 8657, 8666, 8687, 8689, 8711, 8713, 8719, 8723, 8735, 8737, 8781, 8787, 8790, 8791, 8805, 8816, 8817, 8838, 8848, 8850, 8859, 8900, 8901, 8904, 8909, 8915, 8916, 8917, 8918, 8919, 8927, 8928, 8930, 8945, 8998, 8999, 9018, 9020, 9021, 9050, 9064, 9080, 9081, 9082, 9084, 9123, 9125, 9150, 9152, 9161, 9163, 9164, 9254, 9255, 9256, 9257, 9258, 9259, 9260, 9261, 9262, 9263, 9264, 9265, 9266, 9267, 9268, 9269, 9270, 9271, 9272, 9273, 9274, 9275, 9276, 9279, 9280, 9282, 9283, 9284, 9286, 9292, 9312, 9318, 9324, 9353, 9354, 9355, 9356, 9357, 9373, 9404, 9413, 9415, 9453, 9454, 9455, 9456, 9457, 9468, 9469, 9470, 9471, 9472, 9473, 9474, 9480, 9481, 9482, 9483, 9484, 9486, 9509, 9510, 9512, 9563, 9564, 9565, 9566, 9596, 9597, 9598, 9599, 9600
  Densest subgraph vertices (original IDs): 24394, 40517, 58507, 3737, 7237, 12715, 13648, 13659, 13664, 14304, 14823, 17370, 18956, 19615, 19660, 21669, 23106, 24832, 26021, 26363, 28240, 35424, 36383, 36860, 37616, 37932, 39984, 41687, 44934, 48192, 51464, 55079, 59077, 59471, 59870, 61742, 61796, 62227, 66689, 67851, 30545, 42653, 3175, 5379, 33426, 34071, 36192, 39688, 63113, 65086, 68041, 554, 3088, 4503, 4521, 6142, 9117, 11180, 12981, 13769, 20394, 21477, 22916, 24295, 28268, 33726, 40894, 44594, 45385, 46139, 49541, 50970, 53159, 55835, 56948, 60251, 60797, 67012, 1441, 3306, 15089, 22990, 25318, 25750, 25902, 28406, 33454, 39659, 40187, 42018, 59205, 1444, 5338, 14425, 15946, 19172, 22014, 29017, 30982, 34121, 35725, 35863, 40691, 41588, 45556, 52121, 52622, 56995, 57145, 3029, 57738, 2394, 6975, 17554, 18533, 20532, 22552, 27926, 29761, 34596, 35059, 35280, 47226, 54118, 60926, 61918, 65338, 66820, 66821, 67820, 4070, 17141, 25442, 30291, 46598, 53676, 54556, 6466, 9207, 12067, 16164, 17755, 27312, 28209, 32800, 36019, 38656, 39723, 54519, 55319, 58769, 64720, 10849, 14456, 15993, 21895, 47703, 66739, 67464, 11090, 1227, 3826, 2317, 2658, 5187, 6647, 7522, 10597, 12818, 13093, 16521, 20994, 21044, 24959, 26042, 26654, 27246, 28320, 28534, 33200, 33847, 34305, 34364, 34891, 42581, 48773, 49929, 51277, 54369, 54424, 54785, 58449, 68711, 2416, 7859, 10425, 16455, 17329, 19740, 21130, 22838, 23448, 32368, 35236, 37482, 38256, 42595, 48022, 49794, 50192, 51707, 53316, 55735, 56559, 60516, 62245, 63938, 63966, 66135, 66505, 12081, 15238, 21834, 42856, 4305, 19921, 20449, 23939, 29334, 29950, 40924, 42260, 50213, 64612, 11580, 2009, 7346, 26913, 30160, 40852, 52827, 5029, 9390, 9605, 10631, 14245, 15197, 19734, 27652, 29181, 45521, 46695, 47357, 55570, 58188, 67802, 2424, 12015, 19102, 31944, 33090, 20338, 1268, 5201, 11203, 23485, 23499, 26530, 35178, 45079, 51791, 56424, 56504, 2619, 13939, 15106, 15460, 37799, 53441, 65621, 35835, 1481, 2934, 3624, 6495, 10170, 26220, 31240, 38074, 43776, 48411, 48823, 57295, 58006, 61364, 67569, 36679, 290, 5997, 8188, 8660, 11040, 11442, 18109, 24259, 31271, 31612, 32803, 33029, 34926, 44572, 50972, 51763, 64787, 457, 1025, 4087, 6671, 7127, 7272, 17667, 20519, 22107, 27587, 27910, 36907, 39402, 39803, 44820, 46237, 47869, 48851, 58240, 58702, 61129, 61942, 64507, 66882, 67790, 5263, 9494, 21858, 23013, 23054, 24697, 38964, 44515, 56382, 65486, 68302, 159, 23018, 27723, 52364, 53268, 66513, 9356, 18844, 21380, 30478, 33384, 42341, 51028, 51204, 6700, 2198, 8495, 9935, 38161, 38767, 41534, 43226, 54076, 58712, 12639, 16411, 64908, 65797, 5544, 8391, 643, 8012, 8484, 12357, 16535, 17543, 21342, 24144, 46850, 49118, 56608, 56623, 63216, 97, 116, 442, 3682, 7491, 11599, 12697, 16026, 16933, 22605, 34633, 37152, 40272, 51548, 52695, 58019, 58376, 59834, 67415, 63272, 215, 702, 818, 11660, 14103, 24558, 56475, 63850, 7901, 23236, 58689, 59197, 60184, 66518, 52419, 12799, 23659, 25948, 29715, 30808, 33755, 38011, 38374, 41823, 42378, 43393, 43541, 44029, 52429, 56014, 59861, 60216, 62668, 67052, 12267, 28489, 55387, 59343, 66585, 7660, 12949, 13052, 15587, 25569, 37332, 58887, 62597, 10225, 16663, 23700, 26981, 27434, 56150, 56237, 58792, 65099, 5138, 65013, 29214, 31319, 34463, 35606, 41378, 48570, 49096, 54094, 55574, 58588, 60956, 66466, 68111, 68128, 6738, 18910, 20176, 26028, 31760, 38203, 55126, 68400, 68537, 14546, 19974, 31296, 46740, 49418, 52259, 53058, 62083, 12242, 56343, 62044, 8851, 5702, 8123, 8527, 9169, 11490, 16570, 20030, 22862, 36472, 36481, 36494, 45766, 46786, 47775, 49069, 50109, 60403, 64063, 64208, 67757, 486, 1747, 9105, 10621, 10923, 38092, 58718, 8411, 13527, 36456, 39773, 2869, 3465, 9513, 24856, 41896, 66778, 67080, 9757, 15510, 16320, 18548, 24603, 34402, 49642, 55867, 65017, 67282, 7912, 24059, 39835, 39837, 13496, 15005, 15168, 16044, 17217, 18264, 21411, 21790, 29106, 30461, 32081, 33786, 38465, 42198, 46186, 46443, 56083, 61475, 61826, 63303, 8923, 16266, 31156, 36340, 38730, 666, 8206, 17030, 24765, 35103, 35336, 40221, 40316, 43864, 50892, 51962, 136, 2270, 3470, 3542, 16921, 26234, 26969, 45632, 53942, 4354, 2410, 10953, 22152, 51824, 57302, 3904, 22386, 1539, 5510, 5581, 6638, 7806, 8502, 9638, 10863, 11925, 14068, 15604, 19342, 19665, 21073, 22559, 23962, 24571, 25149, 26446, 26645, 27024, 27218, 28042, 28439, 31398, 31525, 35096, 36767, 38025, 39920, 43080, 43425, 44721, 47293, 51240, 53387, 53406, 54691, 54696, 54915, 57820, 59789, 61147, 63979, 65114, 67173, 9010, 9443, 17596, 17601, 18601, 21049, 30643, 34735, 46419, 61275, 63380, 64011, 65661, 8558, 19028, 35204, 36039, 52516, 61323, 2038, 40698, 58035, 59276, 60720, 61433, 8329, 14017, 14975, 31729, 38253, 38480, 46973, 47861, 50052, 56970, 28966, 28001, 32054, 36578, 48076, 53132, 55140, 59986, 5823, 6041, 16853, 31376, 36010, 36540, 39957, 41270, 41317, 45715, 50130, 14726, 388, 8248, 10375, 10532, 12841, 18675, 19123, 19365, 27849, 28128, 32635, 34001, 35067, 38614, 40014, 42162, 44753, 45863, 48120, 49181, 50913, 52753, 61069, 64452, 65880, 955, 30205, 30744, 34989, 36626, 40345, 42535, 45869, 45904, 53045, 60123, 65586, 15175, 19512, 34397, 63721, 3342, 5649, 8465, 12530, 16728, 28633, 29859, 55442, 56008, 1931, 10430, 15343, 21089, 35750, 43948, 47364, 47374, 57323, 60481, 60861, 61381, 63322, 4944, 5477, 11720, 12418, 16610, 17634, 22895, 23560, 38492, 41302, 45230, 48327, 49356, 49600, 49939, 51090, 53844, 57125, 11683, 18865, 54948, 24894, 31702, 53540, 58365, 22961, 28779, 42207, 64697, 5491, 19436, 26596, 40147, 55259, 41007, 58546, 20810, 20943, 43361, 49908, 55479, 29068, 45319, 51679, 61659, 62541, 10242, 11749, 19142, 21747, 24870, 62074, 63240, 64107, 67905, 3511, 10568, 26919, 37268, 40625, 45121, 46364, 60332, 41432, 4550, 12497, 29808, 32928, 50029, 64859, 65168, 51233, 13333, 1292, 34869, 56677, 65857, 4387, 27822, 2285, 13577, 14888, 22735, 24626, 37417, 47566, 924, 2508, 4223, 7648, 9815, 11403, 30359, 32408, 39299, 45844, 47390, 58348, 61169, 64477, 273, 2698, 8035, 17100, 25669, 26847, 32544, 34151, 45749, 52184, 18581, 34740, 49332, 49369, 64891, 67617, 4825, 15032, 41458, 48405, 49295, 68727, 13133, 25982, 35480, 37008, 63572, 39791, 46909, 49509, 505, 805, 2705, 13314, 17499, 25137, 27676, 33315, 35110, 36278, 36687, 36783, 37893, 43700, 45523, 49658, 50118, 67824, 175, 880, 1118, 7201, 17164, 30217, 51438, 53649, 62871, 64212, 11264, 15729, 18165, 40262, 66017, 19324, 41092, 45878, 50786, 52919, 6366, 888, 6284, 10509, 10653, 31807, 34948, 37780, 42782, 46551, 50330, 50747, 53925, 55787, 57920, 61391, 66440, 67619, 4674, 8521, 10969, 17575, 17793, 18348, 27698, 30896, 37716, 40803, 49480, 49978, 51477, 52237, 57878, 60268, 64100, 67149, 67925, 19107, 19111, 19237, 25481, 26784, 27090, 57605, 59730, 62708, 64971, 66288, 10180, 42999, 48724, 50400, 63697, 10882, 6463, 6717, 12400, 50699, 55819, 60282, 47712, 51890, 6481, 15219, 46001, 64950, 5421, 22664, 65505, 18498, 31921, 68251, 39069, 7780, 18778, 19782, 26574, 31462, 43318, 44697, 62803, 63786, 6796, 7566, 13937, 14083, 15312, 16816, 36290, 36438, 39085, 41221, 47546, 48262, 52470, 60839, 64152, 42610, 60569, 4965, 5482, 7439, 9037, 10683, 13243, 14176, 14525, 16278, 17384, 18699, 20599, 31452, 33715, 34236, 35154, 41115, 47725, 48343, 48744, 54321, 55924, 57584, 60188, 60604, 62418, 63171, 68204, 39498, 25919, 25264, 28278, 32178, 32288, 53408, 57281, 62743, 1337, 8109, 17817, 18031, 23633, 29976, 32939, 33617, 35630, 40077, 41759, 44467, 47283, 51659, 59600, 66349, 4462, 9920, 12457, 14324, 21482, 29772, 33231, 48993, 66995, 1613, 3982, 7135, 11008, 11059, 24702, 27122, 33158, 34627, 37939, 43345, 46077, 47116, 51720, 52191, 53196, 61777, 11850, 13179, 16753, 43481, 46894, 48973, 51783, 56663, 57433, 18297, 35794, 9451, 29291, 23970, 21286, 35941, 54987, 11913, 2600, 4104, 5471, 12749, 19073, 25019, 26702, 28348, 30559, 32205, 36718, 36998, 40010, 46297, 49726, 49743, 50568, 53054, 63156, 67887, 12096, 30012, 32609, 67031, 7108, 20692, 5426, 7367, 15439, 30068, 47485, 58592, 64167, 3249, 6831, 19169, 28900, 33273, 39916, 44842, 54843, 64183, 67362, 55610, 58633, 19224, 12334, 38419, 44977, 50182, 52747, 53349, 17940, 25773, 27352, 41477, 44100, 44674, 56059, 59190, 59238, 60010, 66612, 2168, 20253, 38956, 44736, 50673, 68367, 4312, 8016, 9281, 15957, 21723, 32017, 43517, 45446, 19159, 23420, 63173, 4127, 15678, 24304, 25929, 26122, 29373, 29437, 42067, 42687, 44370, 44392, 46660, 50736, 60368, 66664, 777, 7255, 19747, 20484, 21549, 22189, 26127, 31998, 34787, 62824, 65788, 67701, 4632, 6156, 6379, 26381, 35135, 45692, 46718, 48002, 49466, 50288, 51327, 62015, 16958, 62691, 11281, 67406, 21762, 28090, 59882, 65786, 65379, 30037, 11977, 14402, 23297, 28594, 38818, 39162, 13388, 8301, 16733, 20901, 28847, 40663, 45181, 39366, 1691, 63462, 26997, 19045, 28671, 66561, 66593, 2022, 25844, 62302, 62682, 8803, 8570, 9186, 10064, 18125, 28857, 33650, 61612, 46759, 1937, 6773, 34813, 39731, 65687, 1283, 25820, 35001, 35439, 49764, 47200, 17235, 17289, 19808, 34101, 37647, 51984, 54615, 61879, 63613, 42995, 3423, 976, 3127, 5745, 9483, 12961, 14958, 20732, 21952, 25451, 26860, 32749, 37538, 37887, 38831, 40528, 44022, 52690, 53192, 55119, 55555, 56628, 57942, 58133, 58301, 58685, 60665, 61830, 66898, 25239, 25502, 35455, 37108, 41595, 60295, 62762, 64352, 4241, 5799, 42399, 47884, 58189, 62508, 63423, 515, 22691, 13750, 15826, 20064, 31145, 46703, 61247, 64813, 23752, 23345, 28697, 37876, 50814, 53695, 823, 19669, 47217, 47509, 52373, 2172, 4436, 11530, 16619, 19893, 29959, 30077, 36148, 40987, 46634, 49964, 54576, 56274, 57673, 63511, 50149, 55158, 42481, 67605, 7335, 10024, 16925, 30073, 32067, 1121, 6302, 26467, 1590, 4999, 14381, 19491, 21800, 25027, 44831, 53601, 53707, 54652, 56482, 61950, 68737, 50709, 53974, 41792, 11069, 14903, 41238, 43822, 50616, 66399, 11458, 13239, 51266, 6608, 16339, 49223, 59908, 2784, 5665, 17198, 51245, 51482, 60084, 10787, 28549, 30579, 39534, 4700, 6435, 6622, 10840, 13717, 20152, 20921, 23037, 24986, 32773, 43686, 44262, 48212, 50231, 51876, 53746, 58622, 60885, 63252, 63504, 21978, 23901, 22280, 28138, 55180, 64658, 45015, 51761, 7668, 11286, 16796, 24645, 27799, 27876, 29595, 29725, 32324, 33512, 33782, 35488, 43913, 49105, 65284, 65368, 26304, 28019, 38705, 47541, 48387, 21934, 35736, 40434, 53733, 39434, 1306, 1511, 3873, 4533, 6859, 7048, 15662, 17470, 24805, 39095, 48624, 49951, 50002, 56473, 60453, 61556, 64426, 66247, 24165, 30772, 50620, 67493, 28292, 2177, 14934, 28179, 38142, 39037, 45417, 45963, 48427, 50989, 56602, 65940, 17876, 17911, 25249, 25789, 30481, 30997, 36398, 38122, 44454, 53137, 53238, 9557, 15874, 8307, 10598, 14945, 16685, 16687, 18424, 22726, 23072, 23687, 29335, 31503, 32719, 36255, 38965, 40370, 47339, 50270, 57830, 61292, 62494, 63707, 65091, 65516, 67872, 68368, 9317, 56867, 6814, 20655, 34810, 1827, 52883, 8025, 30313, 38001, 47074, 47317, 52116, 56798, 414, 5764, 9746, 18191, 23023, 30783, 34646, 1099, 19299, 25856, 43016, 13872, 30881, 9656, 25764, 38384, 41948, 44947, 61343, 480, 31268, 35665, 45107, 3572, 4394, 10994, 22342, 34990, 39183, 40634, 45027, 50830, 52719, 12993, 48125, 51108, 56704, 28950, 189, 4621, 10337, 30200, 60775, 63279, 931, 1724, 10906, 11196, 11557, 12561, 12689, 22275, 23477, 50295, 51160, 51348, 57885, 66019, 5277, 15253, 35113, 53481, 56712, 20715, 5828, 26609, 18977, 42230, 53064, 9026, 64826, 1783, 55667, 59366, 1778, 12411, 27793, 36103, 47049, 42391, 49563, 2371, 16016, 27735, 36033, 41518, 58395, 61977, 65617, 4528, 10515, 20623, 43090, 64142, 4903, 63009, 42001, 60024, 62345, 43733, 56982, 8702, 10437, 10717, 2799, 30377, 37003, 53777, 56910, 36109, 8911, 14394, 17682, 35021, 36500, 38057, 46311, 48795, 67453, 68631, 3788, 16805, 21691, 22133, 23543, 52946, 10803, 53506, 5964, 61101, 12310, 27499, 40559, 59391, 6309, 8698, 23743, 32570, 51739, 56311, 58736, 9994, 20211, 2882, 10445, 15464, 22495, 2670, 31051, 67327, 4723, 6613, 36612, 64020, 13824, 14476, 18279, 22716, 62404, 65922, 16775, 25655, 33949, 36505, 42521, 46616, 52149, 53930, 58267, 58914, 60999, 65711, 66165, 1195, 61005, 65570, 9804, 38924, 40053, 60246, 2995, 7454, 15503, 16883, 29256, 40012, 61333, 56184, 11986, 19420, 28702, 55322, 28421, 40289, 28426, 36163, 60751, 3050, 4719, 7493, 7573, 10500, 15393, 35042, 38300, 53086, 63805, 32135, 32439, 43242, 4561, 68265, 6266, 2555, 9167, 10245, 19469, 38134, 46921, 57794, 60324, 3520, 23514, 37972, 44803, 52901, 56393, 64383, 41176, 7268, 9470, 10943, 12439, 15212, 21178, 32832, 48031, 57473, 67108, 10074, 24086, 28737, 29546, 32302, 40444, 45739, 56167, 66183, 66932, 12580, 12143, 6578, 11505, 44305, 15295, 34173, 6448, 32505, 51299, 5399, 46464, 32655, 34931, 16780, 15751, 57197, 20773, 47580, 31984, 2525, 17894, 59939, 5063, 45169, 15910, 32245, 14783, 24231, 39044, 48604, 51147, 53797, 34546, 44883, 26440, 51690, 43889, 48583, 50597, 51191, 63134, 45736, 3545, 9570, 14111, 18452, 19388, 21988, 32056, 33293, 36267, 45920, 58280, 59260, 8275, 9154, 8143, 64953, 25314, 30946, 40112, 52333, 52349, 14847, 21688, 27328, 44534, 66843, 22408, 23307, 30863, 34744, 38847, 62731, 39345, 2536, 17983, 22198, 25702, 49172, 4690, 25428, 25064, 52458, 59846, 66662, 22996, 24313, 28451, 29312, 38369, 44446, 59858, 60041, 23580, 24544, 29754, 52491, 60148, 64707, 7120, 27764, 42897, 48758, 50205, 60645, 7463, 3348, 8242, 18384, 49143, 59928, 2375, 2442, 16975, 21164, 34222, 40524, 40536, 43974, 62905, 63901, 28880, 2254, 27480, 31219, 33036, 37737, 58776, 59316, 24408, 10732, 11212, 32271, 39340, 45983, 50800, 51512, 334, 17066, 52992, 6873, 10108, 19275, 20859, 26478, 54012, 59372, 60940, 61896, 39523, 8070, 8671, 9064, 24117, 28753, 37867, 65842, 35300, 25590, 32697, 59512, 30600, 62790, 54218, 29750, 38038, 49842, 42725, 19835, 12404, 16675, 20279, 39182, 42304, 50878, 1163, 36805, 13408, 18413, 46402, 62370, 67652, 12117, 17393, 240, 4783, 19839, 26137, 39004, 41127, 52024, 64332, 64553, 14235, 58729, 7133, 25448, 6439, 7188, 18671, 23453, 59136, 66207, 3125, 4535, 10772, 13745, 15408, 31550, 31731, 41084, 51604, 57246, 60982, 65946, 40419, 47610, 942, 36522, 34264, 58851, 68144, 36138, 53037, 68597, 58086, 19318, 25197, 37025, 56120, 57542, 12109, 64430, 45031, 65045, 12855, 15135, 17436, 23000, 32162, 41967, 44567, 59916, 19917, 46247, 53784, 20130, 32461, 22632, 32595, 36884, 5925, 33892, 47677, 52986, 53495, 66200, 25388, 43076, 4336, 10815, 25188, 25729, 37259, 33973, 37372, 37835, 22327, 9701, 1003, 66410, 1035, 29342, 62725, 15100, 26196, 19684, 20670, 27260, 28111, 35481, 47518, 60931, 60933, 60935, 15896, 5156, 36209, 22932, 59089, 34189, 36071, 42788, 47146, 31065, 54178, 4074, 7379, 28083, 12654, 6769, 52628, 2964, 10677, 10790, 23245, 32992, 33543, 34820, 37871, 38971, 39548, 47911, 52820, 56581, 57365, 7060, 51070, 6701, 29717, 33030, 34677, 39320, 47458, 440, 50445, 1765, 41028, 59095, 22482, 63907, 27319, 28837, 49875, 56305, 33982, 40104, 51844, 2754, 1846, 3479, 8970, 57082, 58119, 2432, 20864, 42358, 25633, 26756, 30829, 31023, 40041, 66644, 12283, 21209, 50835, 5357, 42274, 45008, 45712, 48073, 61232, 47623, 45460, 61582, 28194, 17838, 17969, 52506, 67933, 3975, 40631, 43826, 4763, 7599, 18242, 21157, 27973, 47569, 63195, 7417, 12481, 60134, 35892, 7181, 27967, 37191, 31178, 39582, 7871, 11119, 22026, 42431, 42460, 49449, 53439, 10737, 21587, 14988, 27139, 23698, 65553, 15304, 39253, 5597, 34513, 62775, 67037, 67045, 67157, 23680, 24492, 43796, 3890, 6210, 8733, 14774, 26665, 32838, 34800, 40719, 42804, 44762, 45339, 47551, 48729, 49190, 50403, 53088, 54465, 60374, 64168, 720, 10011, 18908, 22471, 26437, 32905, 39861, 56227, 65727, 4866, 39053, 56644, 61023, 2061, 22621, 29326, 44614, 60171, 64640, 66603, 1673, 24504, 31195, 34441, 50935, 42029, 33430, 39555, 39959, 49216, 60948, 22594, 25200, 41979, 61337, 67311, 60311, 44990, 10756, 9521, 46338, 66564, 34288, 58462, 14757, 22589, 26503, 43768, 45898, 64865, 65930, 68651, 5390, 26650, 16644, 21247, 25056, 61222, 7924, 31969, 47642, 65891, 13550, 16448, 5033, 9321, 9910, 11953, 31832, 10665, 37944, 39190, 2457, 10901, 44685, 52053, 53874, 61999, 10017, 23860, 24725, 25035, 25091, 26712, 27331, 29383, 29509, 29635, 30482, 34669, 42516, 46064, 52025, 67001, 67091, 23778, 31890, 40709, 59621, 6809, 9184, 10136, 40578, 46404, 54310, 63363, 3965, 17963, 32562, 58423, 16225, 30448, 56518, 24875, 6489, 50073, 3106, 23313, 30606, 1627, 22172, 30420, 46630, 61212, 6222, 8765, 11012, 33309, 9775, 6948, 68057, 13395, 49001, 61588, 68604, 1616, 53102, 58410, 1171, 35427, 39020, 12175, 46919, 54714, 8125, 12433, 62234, 30770, 12703, 16854, 18269, 22723, 27938, 36112, 41611, 14642, 3767, 7974, 10474, 12243, 16414, 19003, 19268, 26306, 27855, 29928, 34131, 40655, 51293, 55951, 59169, 63355, 67983, 7172, 15473, 20409, 25465, 33179, 39647, 41601, 44350, 45128, 49299, 51989, 61262, 62435, 67118, 10045, 41928, 68288, 39935, 21518, 5554, 19173, 21326, 31502, 31583, 32109, 36322, 48634, 48868, 48886, 49165, 51901, 54042, 54375, 58529, 58994, 65627, 66382, 739, 21539, 34566, 58965, 68329, 62500, 47244, 24443, 26563, 42935, 674, 28371, 28461, 31907, 40359, 41973, 68498, 16206, 18665, 51388, 20045, 9703, 10512, 15518, 21937, 35910, 64917, 68176, 36235, 45648, 66499, 51215, 63904, 21575, 50644, 51859, 68571, 5659, 26943, 31468, 31872, 59819, 50415, 30766, 21093, 3200, 17182, 24178, 35107, 56667, 61648, 20793, 33810, 63396, 63519, 65022, 43136, 15388, 42323, 49566, 58987, 7590, 44275, 54241, 15482, 21996, 33284, 4554, 8193, 12641, 14031, 16558, 27174, 40330, 54086, 61758, 65422, 66154, 13700, 17150, 21807, 7736, 67577, 30254, 499, 4303, 17495, 30648, 62285, 62669, 45142, 8077, 38891, 25709, 45226, 67092, 2459, 33856, 41696, 57084, 62644, 63412, 7250, 31037, 49817, 62493, 64068, 54710, 62636, 22722, 50090, 68636, 1141, 7815, 3266, 64702, 14125, 24418, 28159, 652, 43356, 67289, 59998, 14831, 28282, 61509, 369, 8397, 47907, 13221, 4284, 58231, 65562, 41074, 9768, 3925, 4389, 4983, 6397, 6977, 12459, 14906, 22502, 28651, 28971, 33431, 37390, 44805, 45526, 48666, 53444, 56583, 57273, 60445, 66171, 42186, 22031, 22237, 26641, 52700, 67377, 68161, 31851, 17081, 25992, 773, 6392, 20125, 43484, 49018, 51074, 56089, 57050, 67263, 17801, 21776, 48576, 44104, 59651, 22504, 33544, 28152, 3046, 54079, 24333, 24863, 38107, 7408, 8863, 18119, 45942, 58210, 35651, 15631, 22062, 44860, 57947, 64740, 20163, 20834, 22065, 26415, 56765, 65248, 3504, 8621, 11616, 15402, 40430, 42913, 51719, 2511, 58028, 3228, 26509, 57022, 65322, 51405, 38682, 46950, 8404, 10402, 15013, 15355, 48778, 7073, 16711, 45205, 22948, 41043, 49340, 51827, 25397, 54573, 7741, 51036, 48089, 6528, 9983, 17581, 45643, 48878, 51839, 61591, 40594, 47392, 50371, 2044, 56486, 56685, 4959, 19982, 23918, 51189, 61622, 28473, 40730, 20417, 50386, 3188, 3765, 12557, 66253, 29874, 37286, 65208, 28656, 1653, 10278, 17162, 23282, 26793, 51219, 13105, 34376, 41167, 55707, 56256, 62255, 66755, 68024, 68385, 55210, 27073, 36180, 56725, 64225, 27355, 20494, 21813, 5999, 55548, 29220, 49573, 7449, 13457, 14312, 16467, 27034, 54624, 27337, 53907, 4651, 18720, 9884, 31416, 40405, 46814, 46993, 65864, 30, 37343, 64031, 68221, 53302, 56759, 41912, 11141, 47747, 65814, 5776, 8134, 11074, 13426, 13728, 19983, 25717, 32558, 33545, 38823, 53748, 60869, 65197, 39231, 40130, 5303, 13198, 13960, 46920, 51706, 61857, 18063, 58386, 46670, 34558, 35242, 16349, 39501, 5450, 5451, 10669, 22285, 24198, 37164, 58474, 64577, 64592, 7820, 360, 20845, 24067, 50159, 64447, 38660, 51374, 8082, 9530, 9686, 34298, 34417, 56775, 60632, 68054, 4446, 18339, 68480, 3832, 9675, 18656, 28579, 52204, 67125, 20457, 20199, 6065, 44321, 47002, 49471, 55545, 10486, 43717, 53825, 65302, 23643, 63875, 42318, 41853, 9220, 23870, 29515, 46160, 67101, 53616, 3224, 35363, 61757, 31209, 59840, 61745, 32881, 36775, 41338, 60094, 61580, 62335, 66522, 36619, 29970, 32856, 4194, 40231, 9939, 10115, 27893, 27894, 63120, 15612, 13016, 2110, 10957, 34503, 64298, 60691, 49958, 361, 5339, 6055, 6254, 6517, 6543, 10431, 11078, 15618, 18433, 19470, 23825, 24711, 25092, 26398, 32833, 37963, 38055, 38500, 40435, 42819, 46344, 47542, 48098, 49074, 51294, 51840, 53450, 55095, 55443, 33182, 41537, 27941, 20883, 31249, 57004, 23717, 47814, 2010, 16451, 22563, 38785, 46534, 34399, 59295, 64988, 34958, 18786, 1514, 25343, 50642, 59682, 8722, 10829, 38052, 44683, 50702, 60145, 23177, 23203, 38821, 39469, 5888, 15090, 21427, 29862, 36223, 43993, 52012, 61839, 64392, 31668, 38315, 751, 22769, 65707, 8265, 48248, 68542, 47212, 6890, 37185, 58733, 63182, 27896, 19177, 7295, 31312, 60301, 12190, 16679, 45157, 57165, 46193, 22057, 44427, 66761, 57377, 48677, 51851, 52320, 34241, 15034, 34005, 35054, 49804, 18634, 43156, 47967, 52058, 20092, 30493, 37947, 51210, 22247, 52017, 66638, 753, 59946, 67247, 46377, 4660, 7988, 26929, 28253, 55471, 37571, 14514, 55625, 45539, 1174, 6589, 8586, 48299, 56437, 60056, 16869, 27064, 7470, 22568, 16291, 20529, 25493, 54112, 56872, 65805, 59216, 14742, 12258, 65193, 13110, 2689, 46963, 24748, 43919, 52860, 53633, 54536, 54818, 47770, 8727, 12859, 28879, 47877, 9895, 16009, 23169, 48891, 66144, 4404, 43144, 57038, 47490, 27891, 44394, 10054, 30876, 37293, 39696, 58257, 56264, 26311, 57626, 17431, 14929, 5873, 15845, 17683, 31852, 40898, 49948, 57612, 67996, 57496, 67383, 1792, 16560, 37079, 8281, 44992, 51498, 3150, 12487, 36965, 37392, 49254, 51382, 51615, 59553, 36902, 5866, 10072, 51332, 2729, 7049, 41188, 54786, 56561, 3920, 8791, 18882, 40140, 47406, 13370, 13798, 8116, 8854, 10406, 47409, 30260, 45775, 14116, 3989, 34033, 13425, 21312, 54665, 1078, 2194, 46325, 56126, 30424, 62771, 4776, 53638, 45081, 11024, 28325, 49993, 14745, 10579, 12590, 17043, 18017, 19447, 40750, 57466, 60863, 60929, 68432, 40905, 50300, 39125, 1552, 22234, 59130, 42038, 8253, 34519, 59357, 33894, 51520, 18285, 66024, 64594, 62604, 66495, 3492, 63883, 8509, 10403, 16823, 25603, 33246, 50884, 7990, 12576, 30017, 31098, 36949, 58599, 25385, 27468, 15078, 19712, 52913, 61448, 48104, 56821, 34871, 31493, 64725, 62920, 18015, 39460, 2794, 15083, 37983, 46798, 47901, 51030, 64033, 2790, 27602, 28497, 9297, 19997, 22643, 47132, 64817, 65832, 19906, 40322, 59145, 16218, 6515, 15681, 17108, 2454, 10093, 11471, 63854, 25849, 37953, 43002, 59519, 1737, 8339, 12247, 25628, 43491, 57829, 58222, 27154, 51661, 13256, 43182, 51355, 859, 4526, 12235, 21714, 64103, 25163, 18459, 64493, 38929, 8031, 34849, 19091, 28986, 50487, 10198, 10220, 57392, 16053, 11452, 32551, 8216, 50943, 5919, 23942, 20111, 21008, 793, 15843, 45924, 43867, 29380, 35639, 45605, 26629, 26673, 14919, 33342, 43879, 37359, 10185, 12499, 39242, 30367, 22110, 13432, 64394, 46279, 12511, 3373, 6504, 21624, 25335, 28279, 29960, 30908, 41943, 67524, 1344, 4793, 19720, 32715, 40989, 42770, 56886, 14344, 477, 29044, 52050, 55676, 183, 15696, 28367, 37233, 12167, 22747, 37806, 50623, 62885, 63982, 9230, 25755, 41940, 41977, 44577, 44886, 6151, 26977, 53328, 57678, 39115, 3916, 27007, 39598, 34611, 4186, 17405, 58650, 12986, 23571, 64080, 55655, 19133, 2074, 66598, 30392, 4885, 60546, 23208, 20075, 24608, 30596, 2537, 764, 16035, 53469, 28175, 4137, 9323, 6455, 47433, 62275, 21255, 58493, 39807, 57173, 60618, 8414, 9030, 12227, 45666, 37442, 26176, 39144, 52889, 61987, 13234, 40737, 48437, 10659, 11050, 22298, 31076, 36800, 64035, 61811, 57492, 5942, 1021, 20924, 33952, 33957, 45575, 48976, 57544, 42814, 49865, 11105, 17075, 20005, 47827, 33135, 3142, 24238, 51612, 58466, 26422, 14489, 10111, 14911, 27606, 39611, 34138, 48138, 31202, 13024, 43013, 9078, 14225, 5806, 20420, 37520, 38264, 41388, 49149, 61832, 34475, 2327, 29061, 33262, 50481, 36939, 1176, 13357, 38957, 52923, 3315, 50323, 43034, 43037, 46497, 47519, 54802, 65341, 8167, 60075, 20813, 22935, 42444, 42466, 17544, 31164, 53736, 60411, 64163, 21141, 42632, 4318, 23704, 52725, 52956, 55967, 7432, 10668, 24545, 30462, 47359, 14653, 6251, 11969, 15391, 7233, 22783, 30193, 32235, 46501, 575, 20158, 8575, 44782, 49382, 58069, 33151, 7322, 23584, 36637, 15487, 43099, 9790, 66575, 24566, 26947, 67166, 17885, 9975, 23794, 14864, 19699, 49199, 50360, 53520, 1110, 15334, 68312, 38133, 32727, 24478, 27774, 33986, 22021, 6562, 14342, 40909, 2332, 22270, 39478, 54326, 33969, 63543, 30325, 38949, 44705, 57183, 16, 56177, 29117, 13347, 47415, 68315, 7754, 16695, 50514, 51771, 58323, 64485, 5778, 6181, 29260, 43783, 47597, 30903, 35707, 25151, 27347, 38164, 44997, 56639, 9227, 6384, 39378, 60102, 51529, 7696, 59283, 66541, 41919, 57635, 61407, 26805, 768, 51848, 21418, 51138, 374, 53642, 61889, 45848, 47946, 56834, 42491, 10087, 11084, 12193, 34477, 38615, 66289, 68179, 22613, 43999, 56063, 10067, 67998, 23220, 24766, 34159, 64624, 11106, 45466, 57262, 51808, 23961, 39271, 35798, 26958, 59925, 40947, 8121, 19518, 37851, 51176, 23818, 44555, 31820, 65394, 20874, 60678, 40390, 27447, 46541, 68423, 51425, 6476, 56855, 17879, 44583, 54255, 66567, 68175, 54251, 34421, 62936, 45402, 15711, 27221, 11233, 42946, 47429, 52055, 63142, 5461, 51099, 21963, 47391, 10988, 39176, 42528, 49473, 52933, 61635, 6561, 4344, 40045, 52344, 23763, 32814, 49681, 28712, 56430, 35689, 40915, 9533, 40092, 41137, 29201, 20104, 40098, 46569, 47175, 25368, 46624, 51152, 54594, 3359, 13558, 40384, 49040, 67388, 43259, 27092, 47510, 67508, 68471, 21153, 32420, 49016, 45323, 12277, 6900, 6240, 40280, 67722, 42077, 46486, 50662, 52313, 58926, 59690, 9828, 15774, 7139, 41143, 59809, 36865, 4158, 43150, 1185, 8359, 66149, 59815, 62976, 6172, 11513, 31673, 42365, 49225, 28759, 29237, 37386, 57479, 46865, 47822, 354, 4997, 6287, 6499, 23145, 1116, 2101, 31705, 7393, 13451, 35132, 40584, 50947, 54164, 58969, 41172, 34605, 18885, 68125, 45697, 3761, 62306, 9691, 41049, 11764, 25675, 48829, 51606, 58076, 45495, 9110, 19488, 35697, 13884, 17300, 16211, 12890, 23755, 30868, 68457, 31810, 33047, 4132, 38734, 10295, 727, 40385, 2829, 14495, 13095, 62676, 30834, 31004, 36777, 41908, 24769, 43576, 49086, 67935, 65692, 3378, 63991, 300, 30451, 25866, 37653, 11087, 36605, 64959, 6218, 50996, 38361, 19904, 23132, 11957, 31409, 6531, 34141, 46517, 38787, 50489, 59705, 13443, 23993, 66474, 14762, 19714, 31860, 36772, 47943, 51985, 56320, 14657, 61336, 26827, 21752, 28376, 40936, 41392, 12264, 49045, 197, 11742, 26632, 39929, 26427, 1555, 10576, 16476, 20289, 20471, 27741, 37626, 44862, 44359, 32448, 37219, 23723, 20138, 28095, 962, 12368, 15617, 47451, 57091, 57326, 51565, 43566, 45884, 65213, 66621, 25792, 26180, 38375, 40061, 43590, 44547, 67150, 59081, 64931, 61020, 42880, 44755, 32171, 16671, 58709, 36483, 50850, 5914, 35867, 37292, 39202, 60580, 63242, 9821, 44297, 44599, 22121, 62877, 58162, 13153, 3922, 4892, 10408, 37393, 56185, 57052, 57209, 65303, 22157, 23026, 38334, 38420, 40105, 37238, 40274, 55497, 42951, 12211, 582, 21301, 23788, 22430, 68015, 43290, 16907, 10211, 3469, 23171, 50627, 37112, 50518, 20549, 45771, 48733, 29953, 22938, 16269, 65665, 53282, 22609, 41544, 57547, 1147, 58653, 26661, 11009, 42859, 13832, 32417, 32606, 40592, 38076, 42396, 58988, 15016, 13554, 41541, 38484, 10256, 40327, 58856, 46357, 16483, 52676, 5436, 31840, 53627, 54619, 747, 22239, 59790, 62767, 6168, 29129, 48835, 26952, 11099, 38327, 12295, 13355, 43095, 55636, 12363, 39039, 52714, 29599, 47263, 47939, 58424, 43169, 57332, 65297, 20544, 30022, 55511, 8593, 24783, 26724, 32638, 39119, 40674, 51751, 39173, 51076, 23977, 47238, 8875, 22202, 23064, 20615, 21556, 13260, 42384, 16641, 9904, 32935, 42821, 46804, 54259, 33919, 59722, 13278, 58972, 16046, 18259, 8271, 45778, 2891, 8257, 8978, 11121, 43004, 4014, 18993, 26053, 61985, 67386, 36899, 30371, 43257, 26734, 14280, 62972, 68112, 5423, 8606, 39272, 63815, 21561, 4976, 5833, 16233, 61178, 10535, 19105, 25093, 25287, 30465, 32506, 42889, 4704, 18668, 57371, 12951, 27865, 42486, 51902, 58787, 64960, 24993, 19054, 29319, 27046, 646, 3193, 55212, 11231, 37244, 50033, 20169, 55229, 52556, 53510, 25325, 29965, 41981, 45199, 21727, 53070, 60068, 63200, 64175, 65259, 2336, 8709, 41032, 20535, 46975, 11755, 55173, 41546, 32611, 46728, 48263, 52960, 5858, 10287, 39381, 42533, 52659, 7914, 15664, 19082, 46265, 66412, 67912, 39169, 64391, 61289, 3097, 63207, 31103, 34183, 42394, 56780, 60140, 37959, 55491, 67572, 13794, 53501, 41465, 45485, 21735, 65792, 31083, 19100, 23455, 46272, 47924, 50656, 53715, 12655, 20039, 24397, 34803, 59084, 27346, 46557, 16031, 29778, 35703, 40438, 58120, 65517, 38127, 38865, 59922, 45663, 55520, 33072, 35220, 13735, 27888, 68298, 10233, 14297, 16654, 30589, 41522, 48903, 65185, 66167, 53420, 32718, 63223, 65387, 36593, 41322, 32612, 54712, 58281, 18258, 19031, 60421, 20877, 36585, 26394, 17699, 20033, 32295, 15755, 1488, 52301, 24719, 52280, 54675, 27343, 5709, 10523, 7701, 47454, 5808, 17307, 49962, 51831, 61561, 37658, 42894, 10234, 25032, 34649, 62099, 1657, 893, 46903, 3437, 17174, 48984, 50243, 20218, 60575, 63211, 57343, 57444, 28197, 45024, 62757, 50390, 27455, 8365, 51207, 2680, 32730, 50085, 5660, 7136, 7704, 8661, 8672, 8979, 9082, 15792, 16496, 18168, 23701, 31670, 32661, 34142, 38112, 38826, 38892, 40675, 49304, 52762, 54845, 56916, 65199, 2342, 2343, 4142, 7336, 26510, 64386, 4450, 61843, 67910, 29769, 15780, 4692, 28140, 41467, 42290, 20741, 37666, 62046, 23843, 50794, 16623, 37422, 51741, 54654, 36632, 38945, 655, 4652, 22591, 47527, 60077, 49313, 6229, 8426, 10307, 10309, 41901, 14239, 28997, 52477, 54314, 31986, 39323, 48032, 3268, 7793, 52771, 62749, 68116
